*************************************************
******************* ORCA 6.1.0-f.0 ******************
*************************************************
$Calculation_Status
   &GeometryIndex 1
   &version [&Type "String"] "6.1.0-f.0"
   &progName [&Type "String"] "LeanSCF"
   &Status [&Type "String"] "NORMAL TERMINATION"
$End
$Geometry
   &GeometryIndex 1
   &NAtoms [&Type "Integer"] 27
   &NCorelessECP [&Type "Integer"] 0
   &NGhostAtoms [&Type "Integer"] 0
   &CartesianCoordinates [&Type "Coordinates", &Dim(27,4), &Units "Bohr"] 
              N     -3.888065902554   -0.644086677684   -1.996523439462
              C     -4.714010147969    0.386291466816    0.525537637748
              C     -2.637669363131   -0.004375018356    2.536120469571
              C     -0.131328086150    1.146778565822    1.860420960235
              C      0.530234929999    3.672672139912    2.015718389359
              N      2.974389987536    4.007816770517    1.180234938701
              C      3.971719335290    1.712924301695    0.462687311849
              C      6.367961690613    1.100510454467   -0.482705426450
              C      6.849202843871   -1.431551450286   -1.029668476748
              C      4.989311063645   -3.310270779854   -0.639854012397
              C      2.607806247804   -2.698836226503    0.301207095657
              C      2.053213749493   -0.151797202790    0.866537735956
              C     -7.179548155910   -1.061685634203    1.250309120692
              O     -7.642711981101   -3.027756212606   -0.049200512780
              O     -8.424781547796   -0.182418514036    3.068286113864
              H     -4.430871309693    0.493486994345   -3.471017574435
              H     -4.886256946528   -2.357038947325   -2.128475021852
              H     -1.966347574460   -0.916741636622   -2.123604687379
              H     -5.111406798281    2.405801119232    0.291513632070
              H     -2.406469893310   -2.046929295160    2.867560802316
              H     -3.380212945577    0.807447662708    4.297653667485
              H     -0.567165375403    5.278387232461    2.674471533925
              H      3.893823973673    5.690741821014    1.124610660977
              H      7.802430405618    2.553522277237   -0.774305759155
              H      8.696818339521   -1.973926812448   -1.768442887037
              H      5.435041069209   -5.275266368648   -1.081586226736
              H      1.194892410486   -4.173700067498    0.600064524737
$End
$SCF_Mulliken_Population_Analysis
   &GeometryIndex 1
   &NAtoms [&Type "Integer"] 27
   &ATNO [&Type "ArrayOfIntegers", &Dim (27,1)] 
                                                         0

0                                                        7
1                                                        6
2                                                        6
3                                                        6
4                                                        6
5                                                        7
6                                                        6
7                                                        6
8                                                        6
9                                                        6
10                                                       6
11                                                       6
12                                                       6
13                                                       8
14                                                       8
15                                                       1
16                                                       1
17                                                       1
18                                                       1
19                                                       1
20                                                       1
21                                                       1
22                                                       1
23                                                       1
24                                                       1
25                                                       1
26                                                       1
   &AtomicCharges [&Type "ArrayOfDoubles", &Dim (27,1)] 
                                                         0

0                                     -1.1649530657651397e-01
1                                      8.0214561117164962e-02
2                                     -9.2102230033210475e-01
3                                      4.6576424888668733e-01
4                                     -7.0782183217733508e-01
5                                      1.3656563941586874e-02
6                                     -2.6123843428376858e-01
7                                     -9.5833360855679572e-01
8                                     -4.8393439741967370e-01
9                                     -8.0920197257169590e-01
10                                    -1.1230604942563449e-01
11                                     1.0919772684971214e+00
12                                     4.9142768508973056e-01
13                                    -7.2027927495826027e-01
14                                    -6.3639750759533520e-01
15                                     3.1971295379002174e-01
16                                     3.5425235481446016e-01
17                                     2.9325175154999261e-01
18                                     1.8565375591663769e-01
19                                     2.9129059481790975e-01
20                                     2.8730149688373630e-01
21                                     3.8604829765301796e-01
22                                     1.3064385767545872e-01
23                                     3.0096125344429603e-01
24                                     3.4558163667503550e-01
25                                     3.5292429074012432e-01
26                                     3.3636811240306452e-01
   &Method [&Type "String"] "SCF"
   &Level [&Type "String"] "Relaxed density"
   &Mult [&Type "Integer"] 1
   &State [&Type "Integer"] -1
   &Irrep [&Type "Integer"] 0
$End
$SCF_Loewdin_Population_Analysis
   &GeometryIndex 1
   &NAtoms [&Type "Integer"] 27
   &ATNO [&Type "ArrayOfIntegers", &Dim (27,1)] 
                                                         0

0                                                        7
1                                                        6
2                                                        6
3                                                        6
4                                                        6
5                                                        7
6                                                        6
7                                                        6
8                                                        6
9                                                        6
10                                                       6
11                                                       6
12                                                       6
13                                                       8
14                                                       8
15                                                       1
16                                                       1
17                                                       1
18                                                       1
19                                                       1
20                                                       1
21                                                       1
22                                                       1
23                                                       1
24                                                       1
25                                                       1
26                                                       1
   &AtomicCharges [&Type "ArrayOfDoubles", &Dim (27,1)] 
                                                         0

0                                      1.9324169925836898e-01
1                                     -2.1190213160847016e-01
2                                     -9.2112955077597647e-02
3                                     -1.8465736244817776e-01
4                                     -4.5505338169479437e-02
5                                      8.0422759014965983e-02
6                                     -2.0666928920647631e-01
7                                     -2.6840595636364206e-02
8                                     -9.8530346460905527e-02
9                                     -9.9321539539689141e-02
10                                    -4.4329030126965208e-02
11                                    -1.4277257901822882e-01
12                                    -6.7368414450194702e-01
13                                    -3.1028270840865346e-02
14                                     8.4195713249410886e-03
15                                     1.6612424160477479e-01
16                                     1.3433145320017403e-01
17                                     1.4170488127063208e-01
18                                     1.4984665983880019e-01
19                                     1.3365231867233918e-01
20                                     1.3572265737159639e-01
21                                     1.2925350259120127e-01
22                                     1.6071225538388423e-01
23                                     1.0962736502271131e-01
24                                     1.0223527992213766e-01
25                                     1.0213120783728291e-01
26                                     1.0992773032028869e-01
   &Method [&Type "String"] "SCF"
   &Level [&Type "String"] "Relaxed density"
   &Mult [&Type "Integer"] 1
   &State [&Type "Integer"] -1
   &Irrep [&Type "Integer"] 0
$End
$SCF_Mayer_Population_Analysis
   &GeometryIndex 1
   &NAtoms [&Type "Integer"] 27 "Total number of atoms"
   &NBondOrdersPrint [&Type "Integer"] 44 "The number of bond orders larger than threshold"
   &bondThresh [&Type "Double"]       1.0000000000000001e-01  "The threshold for printing"
   &components [&Type "ArrayOfIntegers", &Dim (44,4)] "The indices and atomic numbers of the bonding atoms"
                                                         0                           1                           2                           3

0                                                        0                           7                           1                           6
1                                                        0                           7                          15                           1
2                                                        0                           7                          16                           1
3                                                        0                           7                          17                           1
4                                                        1                           6                           2                           6
5                                                        1                           6                          12                           6
6                                                        1                           6                          13                           8
7                                                        1                           6                          18                           1
8                                                        2                           6                           3                           6
9                                                        2                           6                          11                           6
10                                                       2                           6                          12                           6
11                                                       2                           6                          14                           8
12                                                       2                           6                          19                           1
13                                                       2                           6                          20                           1
14                                                       3                           6                           4                           6
15                                                       3                           6                           6                           6
16                                                       3                           6                          11                           6
17                                                       3                           6                          19                           1
18                                                       4                           6                           5                           7
19                                                       4                           6                           6                           6
20                                                       4                           6                          11                           6
21                                                       4                           6                          21                           1
22                                                       5                           7                           6                           6
23                                                       5                           7                          11                           6
24                                                       5                           7                          22                           1
25                                                       6                           6                           7                           6
26                                                       6                           6                           8                           6
27                                                       6                           6                           9                           6
28                                                       6                           6                          10                           6
29                                                       6                           6                          11                           6
30                                                       7                           6                           8                           6
31                                                       7                           6                           9                           6
32                                                       7                           6                          11                           6
33                                                       7                           6                          23                           1
34                                                       8                           6                           9                           6
35                                                       8                           6                          24                           1
36                                                       9                           6                          10                           6
37                                                       9                           6                          25                           1
38                                                      10                           6                          11                           6
39                                                      10                           6                          26                           1
40                                                      12                           6                          13                           8
41                                                      12                           6                          14                           8
42                                                      13                           8                          14                           8
43                                                      13                           8                          16                           1
   &BondOrders [&Type "ArrayOfDoubles", &Dim (44,1)] "The bond orders"
                                                         0

0                                      1.1267835585023933e+00
1                                      8.6509532974520675e-01
2                                      6.5134979422892336e-01
3                                      8.7367404542721161e-01
4                                      7.9890435386975800e-01
5                                      9.3857804115429011e-01
6                                      1.1102036016445536e-01
7                                      9.0574356255086030e-01
8                                      7.2699192840422211e-01
9                                     -2.1340729805969394e-01
10                                     3.0776103603432370e-01
11                                     1.0852375571895335e-01
12                                     9.5852844397690229e-01
13                                     8.3975589081374857e-01
14                                     1.6286283757555200e+00
15                                    -1.2939381189627769e-01
16                                    -1.7380794276430367e-01
17                                    -1.4479398067809712e-01
18                                     1.1062596522817345e+00
19                                     1.5837056439304906e-01
20                                    -4.8840584449645108e-01
21                                     7.0717714476321003e-01
22                                     1.2017300617829609e+00
23                                    -1.6198480284589029e-01
24                                     9.9488365315940297e-01
25                                     1.0868460115102210e+00
26                                    -1.2358023108592740e-01
27                                     1.9473752650372134e-01
28                                    -2.5088832761361834e-01
29                                     3.8157019326725339e-01
30                                     1.6933520309404759e+00
31                                     1.3255446012043304e-01
32                                    -2.5596964279046064e-01
33                                     8.6075781663314654e-01
34                                     1.5765109587441972e+00
35                                     7.6913549797589942e-01
36                                     1.4016075912545971e+00
37                                     7.5329013012868218e-01
38                                     1.1366710594254612e+00
39                                     7.6964458886566922e-01
40                                     1.1029253077922589e+00
41                                     1.4195397475369806e+00
42                                     1.0861021554616443e-01
43                                     2.4595535916954842e-01
   &ATNO [&Type "ArrayOfIntegers", &Dim (27,1)] "Atomic number of the elements"
                                                         0

0                                                        7
1                                                        6
2                                                        6
3                                                        6
4                                                        6
5                                                        7
6                                                        6
7                                                        6
8                                                        6
9                                                        6
10                                                       6
11                                                       6
12                                                       6
13                                                       8
14                                                       8
15                                                       1
16                                                       1
17                                                       1
18                                                       1
19                                                       1
20                                                       1
21                                                       1
22                                                       1
23                                                       1
24                                                       1
25                                                       1
26                                                       1
   &NA [&Type "ArrayOfDoubles", &Dim (27,1)] "Mulliken gross atomic population"
                                                         0

0                                      7.1164953065765078e+00
1                                      5.9197854388828368e+00
2                                      6.9210223003321047e+00
3                                      5.5342357511133198e+00
4                                      6.7078218321773262e+00
5                                      6.9863434360584176e+00
6                                      6.2612384342837828e+00
7                                      6.9583336085567895e+00
8                                      6.4839343974196746e+00
9                                      6.8092019725717101e+00
10                                     6.1123060494256327e+00
11                                     4.9080227315028795e+00
12                                     5.5085723149102810e+00
13                                     8.7202792749582585e+00
14                                     8.6363975075953281e+00
15                                     6.8028704620997871e-01
16                                     6.4574764518553929e-01
17                                     7.0674824845000805e-01
18                                     8.1434624408336276e-01
19                                     7.0870940518209058e-01
20                                     7.1269850311626304e-01
21                                     6.1395170234698193e-01
22                                     8.6935614232454084e-01
23                                     6.9903874655570397e-01
24                                     6.5441836332496384e-01
25                                     6.4707570925987556e-01
26                                     6.6363188759693625e-01
   &ZA [&Type "ArrayOfDoubles", &Dim (27,1)] "Total nuclear charge"
                                                         0

0                                      7.0000000000000000e+00
1                                      6.0000000000000000e+00
2                                      6.0000000000000000e+00
3                                      6.0000000000000000e+00
4                                      6.0000000000000000e+00
5                                      7.0000000000000000e+00
6                                      6.0000000000000000e+00
7                                      6.0000000000000000e+00
8                                      6.0000000000000000e+00
9                                      6.0000000000000000e+00
10                                     6.0000000000000000e+00
11                                     6.0000000000000000e+00
12                                     6.0000000000000000e+00
13                                     8.0000000000000000e+00
14                                     8.0000000000000000e+00
15                                     1.0000000000000000e+00
16                                     1.0000000000000000e+00
17                                     1.0000000000000000e+00
18                                     1.0000000000000000e+00
19                                     1.0000000000000000e+00
20                                     1.0000000000000000e+00
21                                     1.0000000000000000e+00
22                                     1.0000000000000000e+00
23                                     1.0000000000000000e+00
24                                     1.0000000000000000e+00
25                                     1.0000000000000000e+00
26                                     1.0000000000000000e+00
   &QA [&Type "ArrayOfDoubles", &Dim (27,1)] "Mulliken gross atomic charge"
                                                         0

0                                     -1.1649530657650775e-01
1                                      8.0214561117163186e-02
2                                     -9.2102230033210475e-01
3                                      4.6576424888668022e-01
4                                     -7.0782183217732619e-01
5                                      1.3656563941582434e-02
6                                     -2.6123843428378279e-01
7                                     -9.5833360855678951e-01
8                                     -4.8393439741967459e-01
9                                     -8.0920197257171012e-01
10                                    -1.1230604942563271e-01
11                                     1.0919772684971205e+00
12                                     4.9142768508971901e-01
13                                    -7.2027927495825850e-01
14                                    -6.3639750759532809e-01
15                                     3.1971295379002129e-01
16                                     3.5425235481446071e-01
17                                     2.9325175154999195e-01
18                                     1.8565375591663724e-01
19                                     2.9129059481790942e-01
20                                     2.8730149688373696e-01
21                                     3.8604829765301807e-01
22                                     1.3064385767545916e-01
23                                     3.0096125344429603e-01
24                                     3.4558163667503616e-01
25                                     3.5292429074012444e-01
26                                     3.3636811240306375e-01
   &VA [&Type "ArrayOfDoubles", &Dim (27,1)] "Mayer's total valence"
                                                         0

0                                      3.6021635339583629e+00
1                                      4.1139235704723163e+00
2                                      3.5494961166282279e+00
3                                      2.2906224396091668e+00
4                                      3.1103586607992497e+00
5                                      3.3060679343617609e+00
6                                      2.4726937144564904e+00
7                                      3.4586614186367353e+00
8                                      3.9275512912894039e+00
9                                      3.9482213636867405e+00
10                                     3.1952213915033520e+00
11                                     1.7529972710581410e-01
12                                     3.7353645585037443e+00
13                                     1.6637077590326164e+00
14                                     1.6952972974968814e+00
15                                     8.0582595949536440e-01
16                                     9.4816585308701373e-01
17                                     9.7099862573593454e-01
18                                     7.8930038783112488e-01
19                                     8.6797954037239322e-01
20                                     7.9590717247301146e-01
21                                     8.0073372407557819e-01
22                                     1.0908058771174920e+00
23                                     8.3093746587815998e-01
24                                     7.8398992629068431e-01
25                                     7.7145201056310819e-01
26                                     8.0729987425378735e-01
   &BVA [&Type "ArrayOfDoubles", &Dim (27,1)] "Mayer's bonded valence"
                                                         0

0                                      3.6021635339584717e+00
1                                      4.1139235704722417e+00
2                                      3.5494961166286112e+00
3                                      2.2906224396087009e+00
4                                      3.1103586607990303e+00
5                                      3.3060679343614980e+00
6                                      2.4726937144563665e+00
7                                      3.4586614186369498e+00
8                                      3.9275512912896611e+00
9                                      3.9482213636874262e+00
10                                     3.1952213915039942e+00
11                                     1.7529972710625152e-01
12                                     3.7353645585037127e+00
13                                     1.6637077590327425e+00
14                                     1.6952972974969112e+00
15                                     8.0582595949537628e-01
16                                     9.4816585308701007e-01
17                                     9.7099862573594375e-01
18                                     7.8930038783109435e-01
19                                     8.6797954037242320e-01
20                                     7.9590717247298892e-01
21                                     8.0073372407573451e-01
22                                     1.0908058771174707e+00
23                                     8.3093746587815920e-01
24                                     7.8398992629072517e-01
25                                     7.7145201056311030e-01
26                                     8.0729987425387495e-01
   &FA [&Type "ArrayOfDoubles", &Dim (27,1)] "Mayer's free valence"
                                                         0

0                                      0.0000000000000000e+00
1                                      0.0000000000000000e+00
2                                      0.0000000000000000e+00
3                                      0.0000000000000000e+00
4                                      0.0000000000000000e+00
5                                      0.0000000000000000e+00
6                                      0.0000000000000000e+00
7                                      0.0000000000000000e+00
8                                      0.0000000000000000e+00
9                                      0.0000000000000000e+00
10                                     0.0000000000000000e+00
11                                     0.0000000000000000e+00
12                                     0.0000000000000000e+00
13                                     0.0000000000000000e+00
14                                     0.0000000000000000e+00
15                                     0.0000000000000000e+00
16                                     0.0000000000000000e+00
17                                     0.0000000000000000e+00
18                                     0.0000000000000000e+00
19                                     0.0000000000000000e+00
20                                     0.0000000000000000e+00
21                                     0.0000000000000000e+00
22                                     0.0000000000000000e+00
23                                     0.0000000000000000e+00
24                                     0.0000000000000000e+00
25                                     0.0000000000000000e+00
26                                     0.0000000000000000e+00
   &Method [&Type "String"] "SCF"
   &Level [&Type "String"] "Relaxed density"
   &Mult [&Type "Integer"] 1
   &State [&Type "Integer"] -1
   &Irrep [&Type "Integer"] 0
$End
$SCF_Energy
   &GeometryIndex 1
   &Method [&Type "String"] "SCF"
   &totalEnergy [&Type "ArrayOfDoubles", &Dim (1,1)] "Total energy of each state"
                                                         0

0                                     -6.8662794117124145e+02
   &Mult [&Type "ArrayOfIntegers", &Dim (1,1)] "Multiplicity of each state"
                                                         0

0                                                        1
$End
$DFT_Energy
   &GeometryIndex 1
   &nAlphaEl [&Type "Integer"] 54
   &nBetaEl [&Type "Integer"] 54
   &nTotalEl [&Type "Integer"] 107
   &finalEn [&Type "Double"]      -6.8662794117124145e+02  "No Van der Waals correction"
   &eExchange [&Type "Double"]      -9.1304203248309676e+01
   &eCorr [&Type "Double"]      -3.9683675201097630e+00
   &eXC [&Type "Double"]      -9.5272570768419442e+01
   &eCNL [&Type "Double"]       0.0000000000000000e+00
$End
$SCF_Timings
   &GeometryIndex 1
   &TOTAL [&Type "Double"]       1.7427385999999998e+01
   &PREP [&Type "Double"]       3.5423199999999999e-01
   &FOCK [&Type "Double"]       1.4986394000000002e+01
   &DENS [&Type "Double"]       1.1326099999999784e-01
   &ETOT [&Type "Double"]       4.2692999999999870e-02
   &POP [&Type "Double"]       5.9037000000000006e-02
   &TRAFO [&Type "Double"]       2.0166900000000254e-01
   &DIIS [&Type "Double"]       7.0886899999999997e-01
   &SOSCF [&Type "Double"]       6.3813600000000159e-01
   &XC [&Type "Double"]       1.0750342999999999e+01
   &FOCKSTART [&Type "Double"]       2.0532999999997970e-02
   &INT_PREP [&Type "Double"]       2.0000000002795559e-06
   &INT_BF [&Type "Double"]       1.7321060000000283e+00
   &INT_DENS [&Type "Double"]       4.0690719999999461e+00
   &INT_DENSIO [&Type "Double"]       6.9587717518000107e+04
   &INT_FUNC [&Type "Double"]       8.4932999999981940e-02
   &INT_POT [&Type "Double"]       4.4815219999998828e+00
   &INT_POTIO [&Type "Double"]       1.5875000000091677e-02
   &INT_SUM [&Type "Double"]       2.5700000000239420e-04
   &SPLITRIJ [&Type "Double"]       4.8645529999999972e+00
$End
$Single_Point_Data
   &GeometryIndex 1
   &FinalEnergy [&Type "Double"]      -6.8662794117124145e+02  "Final single point energy"
   &Converged [&Type "Boolean"] true
$End
$Calculation_Info
   &GeometryIndex 1
   &Mult [&Type "Integer"] 1
   &Charge [&Type "Integer"] 0
   &NumOfAtoms [&Type "Integer"] 27
   &NumOfElectrons [&Type "Integer"] 108
   &NumOfBasisFuncts [&Type "Integer"] 669
   &NumOfAuxCBasisFuncts [&Type "Integer"] 0
   &NumOfAuxJBasisFuncts [&Type "Integer"] 867
   &NumOfAuxJKBasisFuncts [&Type "Integer"] 0
   &NumOfCABSBasisFuncts [&Type "Integer"] 0
$End
$SCF_Dipole_Moment
   &GeometryIndex 1
   &dipoleMagnitude [&Type "Double", &Units "a.u."]       4.4676278324665697e+00
   &dipoleElecContrib [&Type "ArrayOfDoubles", &Dim (3,1)] "Electronic contribution"
                                                         0

0                                     -1.7182216096872471e+00
1                                      1.2899884616605082e+00
2                                      1.5909185391523555e+00
   &dipoleNucContrib [&Type "ArrayOfDoubles", &Dim (3,1)] "Nuclear contribution"
                                                         0

0                                      5.2997699176098685e+00
1                                      5.6057217160589889e-01
2                                     -3.5164406787423377e+00
   &dipoleTotal [&Type "ArrayOfDoubles", &Dim (3,1)] "Total"
                                                         0

0                                      3.5815483079226214e+00
1                                      1.8505606332664071e+00
2                                     -1.9255221395899822e+00
   &doAtomicDipole [&Type "Boolean"] false
   &Method [&Type "String"] "SCF"
   &Level [&Type "String"] "Relaxed density"
   &Mult [&Type "Integer"] 1
   &State [&Type "Integer"] -1
   &Irrep [&Type "Integer"] 0
$End
$Calculation_Timings
   &GeometryIndex 1
   &GTOINT [&Type "Double"]       1.1842679999999999e+00
   &SCF [&Type "Double"]       1.9232845000000001e+01
   &PROP [&Type "Double"]       5.8180499999999924e-01
   &SUM [&Type "Double"]       2.0998918000000000e+01
$End
