*************************************************
******************* ORCA 6.1.0-f.0 ******************
*************************************************
$Calculation_Status
   &GeometryIndex 1
   &version [&Type "String"] "6.1.0-f.0"
   &progName [&Type "String"] "LeanSCF"
   &Status [&Type "String"] "NORMAL TERMINATION"
$End
$Geometry
   &GeometryIndex 1
   &NAtoms [&Type "Integer"] 27
   &NCorelessECP [&Type "Integer"] 0
   &NGhostAtoms [&Type "Integer"] 0
   &CartesianCoordinates [&Type "Coordinates", &Dim(27,4), &Units "Bohr"] 
              N     -5.141073114812   -0.662842221351   -1.418526733995
              C     -4.644927129340    0.569648179636    1.092682369345
              C     -2.615437834913   -0.875035352893    2.618800809760
              C     -0.302781144788   -1.624407096517    1.151636315193
              C      0.168510102021   -4.021560168885    0.205911179206
              N      2.459229761742   -4.065331034978   -1.029834588896
              C      3.546049665252   -1.700910456073   -0.917112515580
              C      5.859543338648   -0.835997709190   -1.872906030184
              C      6.487173765463    1.685119697574   -1.439019687092
              C      4.850443636719    3.303642355494   -0.083018234989
              C      2.548524960173    2.440563873392    0.859983231842
              C      1.850233724252   -0.097807169657    0.448480275085
              C     -4.033961175885    3.403522993214    0.523877618016
              O     -3.529809271674    4.771260209515    2.394345396929
              O     -4.182919933488    4.052992125613   -1.785195183924
              H     -5.102696588720    0.885506846191   -2.674482525520
              H     -3.702953317216   -1.894587030659   -1.895036083486
              H     -6.834809780162   -1.599444441636   -1.512516651412
              H     -6.427029089704    0.540417667773    2.154835832044
              H     -2.119690172936    0.343859122088    4.227834017423
              H     -3.494502748129   -2.585911766564    3.407764698637
              H     -0.962461799227   -5.729402273188    0.362134025556
              H      3.229491001093   -5.608577216289   -1.869114187582
              H      7.120323172672   -2.094606410808   -2.912224330659
              H      8.275049619247    2.420992684659   -2.157529767194
              H      5.405105355720    5.266606051514    0.225001807876
              H      1.295374941299    3.712288579820    1.893229038089
$End
$SCF_Mulliken_Population_Analysis
   &GeometryIndex 1
   &NAtoms [&Type "Integer"] 27
   &ATNO [&Type "ArrayOfIntegers", &Dim (27,1)] 
                                                         0

0                                                        7
1                                                        6
2                                                        6
3                                                        6
4                                                        6
5                                                        7
6                                                        6
7                                                        6
8                                                        6
9                                                        6
10                                                       6
11                                                       6
12                                                       6
13                                                       8
14                                                       8
15                                                       1
16                                                       1
17                                                       1
18                                                       1
19                                                       1
20                                                       1
21                                                       1
22                                                       1
23                                                       1
24                                                       1
25                                                       1
26                                                       1
   &AtomicCharges [&Type "ArrayOfDoubles", &Dim (27,1)] 
                                                         0

0                                     -1.0807487235661828e-01
1                                     -1.3798764596958613e-02
2                                     -6.8552599378007884e-01
3                                      6.7215647243360266e-02
4                                     -6.0173381507064505e-01
5                                      7.4298045476961505e-03
6                                     -4.3231401653652846e-01
7                                     -1.0925938493344596e+00
8                                     -5.2447888440818424e-01
9                                     -9.0598200086964109e-01
10                                    -3.0437383914710026e-01
11                                     1.2312320656762781e+00
12                                     5.8785918043828378e-01
13                                    -7.3253160373877257e-01
14                                    -8.3511853281936510e-01
15                                     3.3886658782594326e-01
16                                     3.4847345651561812e-01
17                                     3.5538221723111763e-01
18                                     2.0345737860732460e-01
19                                     3.2844848927850467e-01
20                                     3.2049046640884815e-01
21                                     4.3461588841936716e-01
22                                     1.6307020053257681e-01
23                                     4.4380263547994381e-01
24                                     4.5518882249441395e-01
25                                     4.6617894429846629e-01
26                                     4.8481438766277007e-01
   &Method [&Type "String"] "SCF"
   &Level [&Type "String"] "Relaxed density"
   &Mult [&Type "Integer"] 1
   &State [&Type "Integer"] -1
   &Irrep [&Type "Integer"] 0
$End
$SCF_Loewdin_Population_Analysis
   &GeometryIndex 1
   &NAtoms [&Type "Integer"] 27
   &ATNO [&Type "ArrayOfIntegers", &Dim (27,1)] 
                                                         0

0                                                        7
1                                                        6
2                                                        6
3                                                        6
4                                                        6
5                                                        7
6                                                        6
7                                                        6
8                                                        6
9                                                        6
10                                                       6
11                                                       6
12                                                       6
13                                                       8
14                                                       8
15                                                       1
16                                                       1
17                                                       1
18                                                       1
19                                                       1
20                                                       1
21                                                       1
22                                                       1
23                                                       1
24                                                       1
25                                                       1
26                                                       1
   &AtomicCharges [&Type "ArrayOfDoubles", &Dim (27,1)] 
                                                         0

0                                      2.2840520167629830e-01
1                                     -1.8984793947176914e-01
2                                     -9.2352095522428179e-02
3                                     -1.8409869737350526e-01
4                                     -4.7639190828189903e-02
5                                      1.0116914912920016e-01
6                                     -2.0909247958115618e-01
7                                     -3.1984127593513989e-02
8                                     -1.1487031171531381e-01
9                                     -1.1256670000183444e-01
10                                    -4.0381741211552580e-02
11                                    -1.2482284597920845e-01
12                                    -6.8119540386031119e-01
13                                    -6.8134324006958735e-02
14                                    -7.8053718899036895e-02
15                                     1.3972198100715705e-01
16                                     1.5847374146699567e-01
17                                     1.8672133840461269e-01
18                                     1.6412051771368497e-01
19                                     1.2434337055023803e-01
20                                     1.2974273921288682e-01
21                                     1.4073606603524869e-01
22                                     1.7746259150969423e-01
23                                     1.1723978251492517e-01
24                                     1.0398587340336385e-01
25                                     1.0331741985118548e-01
26                                     9.9599803571500667e-02
   &Method [&Type "String"] "SCF"
   &Level [&Type "String"] "Relaxed density"
   &Mult [&Type "Integer"] 1
   &State [&Type "Integer"] -1
   &Irrep [&Type "Integer"] 0
$End
$SCF_Mayer_Population_Analysis
   &GeometryIndex 1
   &NAtoms [&Type "Integer"] 27 "Total number of atoms"
   &NBondOrdersPrint [&Type "Integer"] 47 "The number of bond orders larger than threshold"
   &bondThresh [&Type "Double"]       1.0000000000000001e-01  "The threshold for printing"
   &components [&Type "ArrayOfIntegers", &Dim (47,4)] "The indices and atomic numbers of the bonding atoms"
                                                         0                           1                           2                           3

0                                                        0                           7                           1                           6
1                                                        0                           7                          15                           1
2                                                        0                           7                          16                           1
3                                                        0                           7                          17                           1
4                                                        1                           6                           2                           6
5                                                        1                           6                           3                           6
6                                                        1                           6                          12                           6
7                                                        1                           6                          14                           8
8                                                        1                           6                          18                           1
9                                                        2                           6                           3                           6
10                                                       2                           6                           4                           6
11                                                       2                           6                          19                           1
12                                                       2                           6                          20                           1
13                                                       3                           6                           4                           6
14                                                       3                           6                           7                           6
15                                                       3                           6                           8                           6
16                                                       3                           6                          11                           6
17                                                       4                           6                           5                           7
18                                                       4                           6                           6                           6
19                                                       4                           6                           7                           6
20                                                       4                           6                          10                           6
21                                                       4                           6                          11                           6
22                                                       4                           6                          21                           1
23                                                       5                           7                           6                           6
24                                                       5                           7                          11                           6
25                                                       5                           7                          22                           1
26                                                       6                           6                           7                           6
27                                                       6                           6                           8                           6
28                                                       6                           6                           9                           6
29                                                       6                           6                          10                           6
30                                                       6                           6                          11                           6
31                                                       7                           6                           8                           6
32                                                       7                           6                           9                           6
33                                                       7                           6                          11                           6
34                                                       7                           6                          23                           1
35                                                       8                           6                           9                           6
36                                                       8                           6                          10                           6
37                                                       8                           6                          24                           1
38                                                       9                           6                          10                           6
39                                                       9                           6                          11                           6
40                                                       9                           6                          25                           1
41                                                      10                           6                          11                           6
42                                                      10                           6                          26                           1
43                                                      12                           6                          13                           8
44                                                      12                           6                          14                           8
45                                                      13                           8                          14                           8
46                                                      14                           8                          15                           1
   &BondOrders [&Type "ArrayOfDoubles", &Dim (47,1)] "The bond orders"
                                                         0

0                                      1.1419974955713745e+00
1                                      6.8624263909840266e-01
2                                      8.2034139405251683e-01
3                                      8.6307684016473085e-01
4                                      8.6139994295389877e-01
5                                      2.7252781372435764e-01
6                                      1.0977967700207985e+00
7                                      1.9230713473532676e-01
8                                      9.2048083129027880e-01
9                                      7.5429553577345720e-01
10                                    -1.7886194606724276e-01
11                                     8.1707382002480688e-01
12                                     9.9006233221112705e-01
13                                     1.2088592965037550e+00
14                                    -1.0577211004947482e-01
15                                     1.2735431270277475e-01
16                                    -2.6361682368948386e-01
17                                     1.1950374983206002e+00
18                                     1.6611736605794872e-01
19                                    -1.5405379268711039e-01
20                                     1.1337925137645266e-01
21                                    -4.2481705299165073e-01
22                                     7.6765941578146613e-01
23                                     1.1913632348130077e+00
24                                    -2.0152943166496240e-01
25                                     1.0315714025655807e+00
26                                     1.3837866730805106e+00
27                                    -1.5197979843884896e-01
28                                     2.0656255673763299e-01
29                                    -2.8297025879291809e-01
30                                     2.5840735728746678e-01
31                                     1.5350415225266376e+00
32                                     1.3430467963866172e-01
33                                    -2.9160444119064072e-01
34                                     7.2177629792784170e-01
35                                     1.5229949477130380e+00
36                                    -1.1303002529974679e-01
37                                     6.9924870021127505e-01
38                                     1.3254845968119895e+00
39                                    -1.8168344963081362e-01
40                                     6.6937767945241722e-01
41                                     1.0090443179410489e+00
42                                     6.8081438311377873e-01
43                                     1.3605342099513258e+00
44                                     1.0454798918900896e+00
45                                     1.1593663197600326e-01
46                                     1.9262462789202794e-01
   &ATNO [&Type "ArrayOfIntegers", &Dim (27,1)] "Atomic number of the elements"
                                                         0

0                                                        7
1                                                        6
2                                                        6
3                                                        6
4                                                        6
5                                                        7
6                                                        6
7                                                        6
8                                                        6
9                                                        6
10                                                       6
11                                                       6
12                                                       6
13                                                       8
14                                                       8
15                                                       1
16                                                       1
17                                                       1
18                                                       1
19                                                       1
20                                                       1
21                                                       1
22                                                       1
23                                                       1
24                                                       1
25                                                       1
26                                                       1
   &NA [&Type "ArrayOfDoubles", &Dim (27,1)] "Mulliken gross atomic population"
                                                         0

0                                      7.1080748723566129e+00
1                                      6.0137987645969710e+00
2                                      6.6855259937800771e+00
3                                      5.9327843527566424e+00
4                                      6.6017338150706104e+00
5                                      6.9925701954522905e+00
6                                      6.4323140165365080e+00
7                                      7.0925938493344525e+00
8                                      6.5244788844081700e+00
9                                      6.9059820008696224e+00
10                                     6.3043738391471109e+00
11                                     4.7687679343237095e+00
12                                     5.4121408195617153e+00
13                                     8.7325316037387850e+00
14                                     8.8351185328193633e+00
15                                     6.6113341217405641e-01
16                                     6.5152654348438177e-01
17                                     6.4461778276888271e-01
18                                     7.9654262139267507e-01
19                                     6.7155151072149533e-01
20                                     6.7950953359115152e-01
21                                     5.6538411158063262e-01
22                                     8.3692979946742341e-01
23                                     5.5619736452005619e-01
24                                     5.4481117750558583e-01
25                                     5.3382105570153404e-01
26                                     5.1518561233722959e-01
   &ZA [&Type "ArrayOfDoubles", &Dim (27,1)] "Total nuclear charge"
                                                         0

0                                      7.0000000000000000e+00
1                                      6.0000000000000000e+00
2                                      6.0000000000000000e+00
3                                      6.0000000000000000e+00
4                                      6.0000000000000000e+00
5                                      7.0000000000000000e+00
6                                      6.0000000000000000e+00
7                                      6.0000000000000000e+00
8                                      6.0000000000000000e+00
9                                      6.0000000000000000e+00
10                                     6.0000000000000000e+00
11                                     6.0000000000000000e+00
12                                     6.0000000000000000e+00
13                                     8.0000000000000000e+00
14                                     8.0000000000000000e+00
15                                     1.0000000000000000e+00
16                                     1.0000000000000000e+00
17                                     1.0000000000000000e+00
18                                     1.0000000000000000e+00
19                                     1.0000000000000000e+00
20                                     1.0000000000000000e+00
21                                     1.0000000000000000e+00
22                                     1.0000000000000000e+00
23                                     1.0000000000000000e+00
24                                     1.0000000000000000e+00
25                                     1.0000000000000000e+00
26                                     1.0000000000000000e+00
   &QA [&Type "ArrayOfDoubles", &Dim (27,1)] "Mulliken gross atomic charge"
                                                         0

0                                     -1.0807487235661295e-01
1                                     -1.3798764596971047e-02
2                                     -6.8552599378007706e-01
3                                      6.7215647243357601e-02
4                                     -6.0173381507061041e-01
5                                      7.4298045477094732e-03
6                                     -4.3231401653650803e-01
7                                     -1.0925938493344525e+00
8                                     -5.2447888440817003e-01
9                                     -9.0598200086962244e-01
10                                    -3.0437383914711091e-01
11                                     1.2312320656762905e+00
12                                     5.8785918043828467e-01
13                                    -7.3253160373878501e-01
14                                    -8.3511853281936332e-01
15                                     3.3886658782594359e-01
16                                     3.4847345651561823e-01
17                                     3.5538221723111729e-01
18                                     2.0345737860732493e-01
19                                     3.2844848927850467e-01
20                                     3.2049046640884848e-01
21                                     4.3461588841936738e-01
22                                     1.6307020053257659e-01
23                                     4.4380263547994381e-01
24                                     4.5518882249441417e-01
25                                     4.6617894429846596e-01
26                                     4.8481438766277041e-01
   &VA [&Type "ArrayOfDoubles", &Dim (27,1)] "Mayer's total valence"
                                                         0

0                                      3.6373637365686102e+00
1                                      4.5636811680986504e+00
2                                      3.4858901560321520e+00
3                                      2.0731515643529557e+00
4                                      2.6719549811440810e+00
5                                      3.3126691053961070e+00
6                                      2.6894166049449293e+00
7                                      3.3285830252308681e+00
8                                      3.5659525404964194e+00
9                                      3.5652785999808034e+00
10                                     2.9257332135831637e+00
11                                    -1.5923233657753344e-01
12                                     3.6961087824322796e+00
13                                     1.5984161819685143e+00
14                                     1.5691810872409002e+00
15                                     9.5524773043772582e-01
16                                     9.1119986842245304e-01
17                                     8.0048183166233622e-01
18                                     8.9925183679380849e-01
19                                     8.4153244309397179e-01
20                                     8.6615189528778358e-01
21                                     8.0320122173240027e-01
22                                     1.0878793984412143e+00
23                                     7.3339026089892767e-01
24                                     7.0930836681973708e-01
25                                     6.7811137367594321e-01
26                                     6.1551861948252617e-01
   &BVA [&Type "ArrayOfDoubles", &Dim (27,1)] "Mayer's bonded valence"
                                                         0

0                                      3.6373637365686831e+00
1                                      4.5636811680985216e+00
2                                      3.4858901560321343e+00
3                                      2.0731515643520906e+00
4                                      2.6719549811441095e+00
5                                      3.3126691053957584e+00
6                                      2.6894166049443715e+00
7                                      3.3285830252304383e+00
8                                      3.5659525404962036e+00
9                                      3.5652785999805161e+00
10                                     2.9257332135818634e+00
11                                    -1.5923233657749858e-01
12                                     3.6961087824322512e+00
13                                     1.5984161819684974e+00
14                                     1.5691810872408118e+00
15                                     9.5524773043773670e-01
16                                     9.1119986842248424e-01
17                                     8.0048183166232423e-01
18                                     8.9925183679377907e-01
19                                     8.4153244309400976e-01
20                                     8.6615189528773362e-01
21                                     8.0320122173243624e-01
22                                     1.0878793984411408e+00
23                                     7.3339026089886872e-01
24                                     7.0930836681967901e-01
25                                     6.7811137367600860e-01
26                                     6.1551861948240072e-01
   &FA [&Type "ArrayOfDoubles", &Dim (27,1)] "Mayer's free valence"
                                                         0

0                                      0.0000000000000000e+00
1                                      0.0000000000000000e+00
2                                      0.0000000000000000e+00
3                                      0.0000000000000000e+00
4                                      0.0000000000000000e+00
5                                      0.0000000000000000e+00
6                                      0.0000000000000000e+00
7                                      0.0000000000000000e+00
8                                      0.0000000000000000e+00
9                                      0.0000000000000000e+00
10                                     1.3005152510459084e-12
11                                     0.0000000000000000e+00
12                                     0.0000000000000000e+00
13                                     0.0000000000000000e+00
14                                     0.0000000000000000e+00
15                                     0.0000000000000000e+00
16                                     0.0000000000000000e+00
17                                     0.0000000000000000e+00
18                                     0.0000000000000000e+00
19                                     0.0000000000000000e+00
20                                     0.0000000000000000e+00
21                                     0.0000000000000000e+00
22                                     0.0000000000000000e+00
23                                     0.0000000000000000e+00
24                                     0.0000000000000000e+00
25                                     0.0000000000000000e+00
26                                     0.0000000000000000e+00
   &Method [&Type "String"] "SCF"
   &Level [&Type "String"] "Relaxed density"
   &Mult [&Type "Integer"] 1
   &State [&Type "Integer"] -1
   &Irrep [&Type "Integer"] 0
$End
$SCF_Energy
   &GeometryIndex 1
   &Method [&Type "String"] "SCF"
   &totalEnergy [&Type "ArrayOfDoubles", &Dim (1,1)] "Total energy of each state"
                                                         0

0                                     -6.8668695907823155e+02
   &Mult [&Type "ArrayOfIntegers", &Dim (1,1)] "Multiplicity of each state"
                                                         0

0                                                        1
$End
$DFT_Energy
   &GeometryIndex 1
   &nAlphaEl [&Type "Integer"] 53
   &nBetaEl [&Type "Integer"] 53
   &nTotalEl [&Type "Integer"] 107
   &finalEn [&Type "Double"]      -6.8668695907823155e+02  "No Van der Waals correction"
   &eExchange [&Type "Double"]      -9.1316057865580234e+01
   &eCorr [&Type "Double"]      -3.9715237476782397e+00
   &eXC [&Type "Double"]      -9.5287581613258467e+01
   &eCNL [&Type "Double"]       0.0000000000000000e+00
$End
$Solvation_Details
   &GeometryIndex 1
   &Solvent [&Type "String"] "CONDUCTOR"
   &Epsilon [&Type "Double"]      -1.0000000000000000e+00
   &Refrac [&Type "Double"]       1.3300000000000001e+00
   &RSolv [&Type "Double"]       1.3000000000000000e+00
   &SurfaceType [&Type "String"] "GAUSSIAN VDW"
   &CPCMDielEnergy [&Type "Double"]      -7.9879001000000005e-02
   &NPoints [&Type "Integer"] 1638
   &SurfaceArea [&Type "Double"]       8.3907507478100001e+02
$End
$SCF_Timings
   &GeometryIndex 1
   &TOTAL [&Type "Double"]       1.7856058999999998e+01
   &PREP [&Type "Double"]       4.0291800000000005e-01
   &FOCK [&Type "Double"]       1.5301082999999998e+01
   &DENS [&Type "Double"]       8.9531999999998391e-02
   &ETOT [&Type "Double"]       5.7532000000003691e-02
   &POP [&Type "Double"]       6.3514000000001403e-02
   &TRAFO [&Type "Double"]       1.7501699999999865e-01
   &DIIS [&Type "Double"]       5.9656499999999957e-01
   &SOSCF [&Type "Double"]       4.8115600000000036e-01
   &XC [&Type "Double"]       8.6748750000000019e+00
   &FOCKSTART [&Type "Double"]       1.7619000000002327e-02
   &SOLV [&Type "Double"]       3.8248029999999966e+00
   &SOLV_INIT [&Type "Double"]       4.6566999999999970e-02
   &INT_PREP [&Type "Double"]       3.9999999961182198e-06
   &INT_BF [&Type "Double"]       1.5012470000000011e+00
   &INT_DENS [&Type "Double"]       3.4577910000000616e+00
   &INT_DENSIO [&Type "Double"]       5.3725253099000096e+04
   &INT_FUNC [&Type "Double"]       6.6745000000124066e-02
   &INT_POT [&Type "Double"]       3.2908729999999431e+00
   &INT_POTIO [&Type "Double"]       1.3696000000004371e-02
   &INT_SUM [&Type "Double"]       1.2799999999968392e-04
   &SPLITRIJ [&Type "Double"]       3.8514570000000039e+00
$End
$Single_Point_Data
   &GeometryIndex 1
   &FinalEnergy [&Type "Double"]      -6.8668695907823155e+02  "Final single point energy"
   &Converged [&Type "Boolean"] true
$End
$Calculation_Info
   &GeometryIndex 1
   &Mult [&Type "Integer"] 1
   &Charge [&Type "Integer"] 0
   &NumOfAtoms [&Type "Integer"] 27
   &NumOfElectrons [&Type "Integer"] 108
   &NumOfBasisFuncts [&Type "Integer"] 669
   &NumOfAuxCBasisFuncts [&Type "Integer"] 0
   &NumOfAuxJBasisFuncts [&Type "Integer"] 867
   &NumOfAuxJKBasisFuncts [&Type "Integer"] 0
   &NumOfCABSBasisFuncts [&Type "Integer"] 0
$End
$SCF_Dipole_Moment
   &GeometryIndex 1
   &dipoleMagnitude [&Type "Double", &Units "a.u."]       6.5348087114339419e+00
   &dipoleElecContrib [&Type "ArrayOfDoubles", &Dim (3,1)] "Electronic contribution"
                                                         0

0                                      7.3830075085425362e-01
1                                     -4.0556136573231033e-01
2                                     -8.9774411344426230e-01
   &dipoleNucContrib [&Type "ArrayOfDoubles", &Dim (3,1)] "Nuclear contribution"
                                                         0

0                                     -1.7277015808548881e+00
1                                     -5.8908590477809346e+00
2                                     -5.4444202881362225e-01
   &dipoleTotal [&Type "ArrayOfDoubles", &Dim (3,1)] "Total"
                                                         0

0                                     -9.8940083000063450e-01
1                                     -6.2964204135132453e+00
2                                     -1.4421861422578846e+00
   &doAtomicDipole [&Type "Boolean"] false
   &Method [&Type "String"] "SCF"
   &Level [&Type "String"] "Relaxed density"
   &Mult [&Type "Integer"] 1
   &State [&Type "Integer"] -1
   &Irrep [&Type "Integer"] 0
$End
$SCF_Polarizability
   &GeometryIndex 1
   &isotropicPolar [&Type "Double"]       2.4086412809199572e+02
   &rawCartesian [&Type "ArrayOfDoubles", &Units "a.u", &Dim (3,3)] 
                                                         0                           1                           2

0                                      2.5453726541957863e+02         3.2691213185745916e+01        -3.2268162737826707e+01
1                                      3.2691213185745916e+01         2.7321482378985104e+02         1.5178530091312151e+01
2                                     -3.2268162737826707e+01         1.5178530091312151e+01         1.9484029506655750e+02
   &diagonalizedTensor [&Type "ArrayOfDoubles", &Dim (3,1)] 
                                                         0

0                                      1.7299650737094854e+02
1                                      2.5109804886531913e+02
2                                      2.9849782803971959e+02
   &orientation [&Type "ArrayOfDoubles", &Dim (3,3)] 
                                                         0                           1                           2

0                                      4.4702997591409960e-01        -6.3113643808701103e-01        -6.3390140964749442e-01
1                                     -2.7475133170956900e-01         5.7751828426597818e-01        -7.6875505660925558e-01
2                                      8.5127898268314961e-01         5.1782181091309976e-01         8.4762407850532101e-02
   &doAtomicPolar [&Type "Boolean"] true
   &atomicPolarIso [&Type "ArrayOfDoubles", &Dim (27,1)] "Atomic istotropic polarizabilities"
                                                         0

0                                      5.1198891945176896e+00
1                                      3.8901771080938645e+00
2                                      4.5347167183239385e+00
3                                      3.6593631826752273e+00
4                                      1.2177296141490270e+01
5                                      9.8205733695673167e+00
6                                      5.6948442125743250e+00
7                                      1.3916283486651539e+01
8                                      1.7321081641646487e+01
9                                      1.3510953368638427e+01
10                                     6.0126481153588092e+00
11                                     2.5590862423391041e+00
12                                     5.6473095816280763e+00
13                                     1.6782393519098807e+01
14                                     1.4496985030673038e+01
15                                     4.2987893620446798e+00
16                                     2.9479615645514654e+00
17                                     7.4509336603098086e+00
18                                     9.1131784823297775e+00
19                                     6.1853608970264702e+00
20                                     8.4968046588281254e+00
21                                     1.0823413249678485e+01
22                                     9.9377228947781919e+00
23                                     1.3030116951032113e+01
24                                     1.5814325521116658e+01
25                                     1.2138532543675055e+01
26                                     5.4498304074721382e+00
   &Method [&Type "String"] "SCF"
   &Level [&Type "String"] "Relaxed density"
   &Mult [&Type "Integer"] 1
   &State [&Type "Integer"] -1
   &Irrep [&Type "Integer"] 0
$End
$Calculation_Timings
   &GeometryIndex 1
   &GTOINT [&Type "Double"]       1.2195119999999946e+00
   &SCF [&Type "Double"]       1.9368593000000004e+01
   &RESPONSE [&Type "Double"]       2.5526908000000006e+01
   &PROP [&Type "Double"]       6.0580124499999999e+02
   &SUM [&Type "Double"]       6.5191625799999997e+02
$End
