*************************************************
******************* ORCA 6.1.0-f.0 ******************
*************************************************
$Calculation_Status
   &GeometryIndex 1
   &version [&Type "String"] "6.1.0-f.0"
   &progName [&Type "String"] "LeanSCF"
   &Status [&Type "String"] "NORMAL TERMINATION"
$End
$Geometry
   &GeometryIndex 1
   &NAtoms [&Type "Integer"] 27
   &NCorelessECP [&Type "Integer"] 0
   &NGhostAtoms [&Type "Integer"] 0
   &CartesianCoordinates [&Type "Coordinates", &Dim(27,4), &Units "Bohr"] 
              N     -3.888065905911   -0.644086681304   -1.996523436130
              C     -4.714010150444    0.386291472484    0.525537632609
              C     -2.637669354499   -0.004375009296    2.536120464576
              C     -0.131328092170    1.146778569030    1.860420962944
              C      0.530234921065    3.672672135411    2.015718398692
              N      2.974389989504    4.007816779515    1.180234940707
              C      3.971719343452    1.712924309215    0.462687310035
              C      6.367961690291    1.100510446314   -0.482705426044
              C      6.849202838430   -1.431551453911   -1.029668468245
              C      4.989311063134   -3.310270775737   -0.639854014238
              C      2.607806247462   -2.698836235097    0.301207089891
              C      2.053213750474   -0.151797209777    0.866537742954
              C     -7.179548152959   -1.061685638737    1.250309127718
              O     -7.642711973370   -3.027756221896   -0.049200516517
              O     -8.424781544456   -0.182418518393    3.068286115276
              H     -4.430871312917    0.493486998677   -3.471017570170
              H     -4.886256939298   -2.357038951575   -2.128475016714
              H     -1.966347581115   -0.916741645548   -2.123604679002
              H     -5.111406789619    2.405801124544    0.291513628590
              H     -2.406469896777   -2.046929297902    2.867560806669
              H     -3.380212948971    0.807447670198    4.297653667881
              H     -0.567165375139    5.278387237842    2.674471532050
              H      3.893823966485    5.690741821606    1.124610655148
              H      7.802430396557    2.553522272519   -0.774305754093
              H      8.696818343061   -1.973926821688   -1.768442883152
              H      5.435041073164   -5.275266362110   -1.081586230814
              H      1.194892413464   -4.173700071077    0.600064527884
$End
$SCF_Mulliken_Population_Analysis
   &GeometryIndex 1
   &NAtoms [&Type "Integer"] 27
   &ATNO [&Type "ArrayOfIntegers", &Dim (27,1)] 
                                                         0

0                                                        7
1                                                        6
2                                                        6
3                                                        6
4                                                        6
5                                                        7
6                                                        6
7                                                        6
8                                                        6
9                                                        6
10                                                       6
11                                                       6
12                                                       6
13                                                       8
14                                                       8
15                                                       1
16                                                       1
17                                                       1
18                                                       1
19                                                       1
20                                                       1
21                                                       1
22                                                       1
23                                                       1
24                                                       1
25                                                       1
26                                                       1
   &AtomicCharges [&Type "ArrayOfDoubles", &Dim (27,1)] 
                                                         0

0                                     -7.9611863247808223e-02
1                                      1.3721180443299463e-01
2                                     -8.8718822871266934e-01
3                                      3.2774454237163120e-01
4                                     -8.5530735941674063e-01
5                                     -9.5745063020657994e-03
6                                     -3.8583780957763469e-01
7                                     -1.0541769114684048e+00
8                                     -5.6593163227768439e-01
9                                     -8.9976147662294448e-01
10                                    -2.2047921360904077e-01
11                                     1.1722772903856873e+00
12                                     4.5564751584996444e-01
13                                    -7.9380817849416196e-01
14                                    -7.3079637746002035e-01
15                                     3.4903706781975796e-01
16                                     3.6655733292114689e-01
17                                     3.0054390247323637e-01
18                                     2.6501264652584222e-01
19                                     3.5065195495907475e-01
20                                     3.1861669685732108e-01
21                                     4.7699617900520896e-01
22                                     1.6772493175024983e-01
23                                     4.4991460554785989e-01
24                                     4.6035620484547402e-01
25                                     4.6132438528681430e-01
26                                     4.2285649615833854e-01
   &Method [&Type "String"] "SCF"
   &Level [&Type "String"] "Relaxed density"
   &Mult [&Type "Integer"] 1
   &State [&Type "Integer"] -1
   &Irrep [&Type "Integer"] 0
$End
$SCF_Loewdin_Population_Analysis
   &GeometryIndex 1
   &NAtoms [&Type "Integer"] 27
   &ATNO [&Type "ArrayOfIntegers", &Dim (27,1)] 
                                                         0

0                                                        7
1                                                        6
2                                                        6
3                                                        6
4                                                        6
5                                                        7
6                                                        6
7                                                        6
8                                                        6
9                                                        6
10                                                       6
11                                                       6
12                                                       6
13                                                       8
14                                                       8
15                                                       1
16                                                       1
17                                                       1
18                                                       1
19                                                       1
20                                                       1
21                                                       1
22                                                       1
23                                                       1
24                                                       1
25                                                       1
26                                                       1
   &AtomicCharges [&Type "ArrayOfDoubles", &Dim (27,1)] 
                                                         0

0                                      2.3965211455666235e-01
1                                     -1.9925090413964508e-01
2                                     -9.4100257189356995e-02
3                                     -1.8499738206647720e-01
4                                     -3.4898083652232792e-02
5                                      9.9817526091765529e-02
6                                     -2.1081536815325297e-01
7                                     -3.1880922916892374e-02
8                                     -1.1559802908239281e-01
9                                     -1.1623831117693850e-01
10                                    -4.6771919009757745e-02
11                                    -1.4546337599137527e-01
12                                    -6.8814955130177591e-01
13                                    -7.9128826892794990e-02
14                                    -7.0265225762272010e-02
15                                     1.8910064598631404e-01
16                                     1.4503035627502303e-01
17                                     1.6016969018322147e-01
18                                     1.6179591585526520e-01
19                                     1.3581189850075015e-01
20                                     1.3009628125089767e-01
21                                     1.3865380080581957e-01
22                                     1.7749680208684437e-01
23                                     1.1735606882219451e-01
24                                     1.0368434231639378e-01
25                                     1.0292626901372304e-01
26                                     1.1596644559177438e-01
   &Method [&Type "String"] "SCF"
   &Level [&Type "String"] "Relaxed density"
   &Mult [&Type "Integer"] 1
   &State [&Type "Integer"] -1
   &Irrep [&Type "Integer"] 0
$End
$SCF_Mayer_Population_Analysis
   &GeometryIndex 1
   &NAtoms [&Type "Integer"] 27 "Total number of atoms"
   &NBondOrdersPrint [&Type "Integer"] 45 "The number of bond orders larger than threshold"
   &bondThresh [&Type "Double"]       1.0000000000000001e-01  "The threshold for printing"
   &components [&Type "ArrayOfIntegers", &Dim (45,4)] "The indices and atomic numbers of the bonding atoms"
                                                         0                           1                           2                           3

0                                                        0                           7                           1                           6
1                                                        0                           7                          15                           1
2                                                        0                           7                          16                           1
3                                                        0                           7                          17                           1
4                                                        1                           6                           2                           6
5                                                        1                           6                           3                           6
6                                                        1                           6                          12                           6
7                                                        1                           6                          18                           1
8                                                        2                           6                           3                           6
9                                                        2                           6                          11                           6
10                                                       2                           6                          12                           6
11                                                       2                           6                          14                           8
12                                                       2                           6                          19                           1
13                                                       2                           6                          20                           1
14                                                       3                           6                           4                           6
15                                                       3                           6                           6                           6
16                                                       3                           6                          11                           6
17                                                       3                           6                          19                           1
18                                                       4                           6                           5                           7
19                                                       4                           6                           6                           6
20                                                       4                           6                          11                           6
21                                                       4                           6                          21                           1
22                                                       5                           7                           6                           6
23                                                       5                           7                          11                           6
24                                                       5                           7                          22                           1
25                                                       6                           6                           7                           6
26                                                       6                           6                           8                           6
27                                                       6                           6                           9                           6
28                                                       6                           6                          10                           6
29                                                       6                           6                          11                           6
30                                                       7                           6                           8                           6
31                                                       7                           6                          11                           6
32                                                       7                           6                          23                           1
33                                                       8                           6                           9                           6
34                                                       8                           6                          10                           6
35                                                       8                           6                          24                           1
36                                                       9                           6                          10                           6
37                                                       9                           6                          11                           6
38                                                       9                           6                          25                           1
39                                                      10                           6                          11                           6
40                                                      10                           6                          26                           1
41                                                      12                           6                          13                           8
42                                                      12                           6                          14                           8
43                                                      13                           8                          14                           8
44                                                      13                           8                          16                           1
   &BondOrders [&Type "ArrayOfDoubles", &Dim (45,1)] "The bond orders"
                                                         0

0                                      1.1509677410149115e+00
1                                      8.4680339152042738e-01
2                                      6.8805705696981911e-01
3                                      8.8898255957334604e-01
4                                      6.9801432948268127e-01
5                                      1.1003068468347903e-01
6                                      9.2396189433675990e-01
7                                      8.9341142217188285e-01
8                                      9.7050972010352354e-01
9                                     -2.1754883418145315e-01
10                                     3.0086945364907142e-01
11                                     1.0549911386926969e-01
12                                     9.0854445733855960e-01
13                                     8.0068906851307076e-01
14                                     1.4444444749693770e+00
15                                    -1.4803631972346801e-01
16                                    -1.5300717503454486e-01
17                                    -1.0723422502024102e-01
18                                     1.0969450168135941e+00
19                                     1.8509057992255462e-01
20                                    -5.5219232079664582e-01
21                                     6.9144866474766253e-01
22                                     1.1659766792073722e+00
23                                    -1.5932961427863204e-01
24                                     1.0318592890846572e+00
25                                     1.2377572232076428e+00
26                                    -1.3824023979889727e-01
27                                     2.0642331802959193e-01
28                                    -2.5499709823742994e-01
29                                     3.3451864544051679e-01
30                                     1.5871890245106917e+00
31                                    -2.5404778306656156e-01
32                                     7.2166220953811366e-01
33                                     1.5490178627839923e+00
34                                    -1.0512419366602903e-01
35                                     6.8694300951645848e-01
36                                     1.3347633980866340e+00
37                                    -1.1362946877957594e-01
38                                     6.7317147978378922e-01
39                                     1.1588263087144650e+00
40                                     7.0441977587182347e-01
41                                     1.1535040881823968e+00
42                                     1.3834982091021841e+00
43                                     1.0438026350751499e-01
44                                     1.7689137798266802e-01
   &ATNO [&Type "ArrayOfIntegers", &Dim (27,1)] "Atomic number of the elements"
                                                         0

0                                                        7
1                                                        6
2                                                        6
3                                                        6
4                                                        6
5                                                        7
6                                                        6
7                                                        6
8                                                        6
9                                                        6
10                                                       6
11                                                       6
12                                                       6
13                                                       8
14                                                       8
15                                                       1
16                                                       1
17                                                       1
18                                                       1
19                                                       1
20                                                       1
21                                                       1
22                                                       1
23                                                       1
24                                                       1
25                                                       1
26                                                       1
   &NA [&Type "ArrayOfDoubles", &Dim (27,1)] "Mulliken gross atomic population"
                                                         0

0                                      7.0796118632478162e+00
1                                      5.8627881955670125e+00
2                                      6.8871882287126347e+00
3                                      5.6722554576283661e+00
4                                      6.8553073594167557e+00
5                                      7.0095745063020507e+00
6                                      6.3858378095776285e+00
7                                      7.0541769114683932e+00
8                                      6.5659316322776782e+00
9                                      6.8997614766229454e+00
10                                     6.2204792136090363e+00
11                                     4.8277227096143127e+00
12                                     5.5443524841500320e+00
13                                     8.7938081784941531e+00
14                                     8.7307963774600150e+00
15                                     6.5096293218024259e-01
16                                     6.3344266707885311e-01
17                                     6.9945609752676341e-01
18                                     7.3498735347415822e-01
19                                     6.4934804504092503e-01
20                                     6.8138330314267825e-01
21                                     5.2300382099479126e-01
22                                     8.3227506824974984e-01
23                                     5.5008539445213989e-01
24                                     5.3964379515452632e-01
25                                     5.3867561471318515e-01
26                                     5.7714350384166191e-01
   &ZA [&Type "ArrayOfDoubles", &Dim (27,1)] "Total nuclear charge"
                                                         0

0                                      7.0000000000000000e+00
1                                      6.0000000000000000e+00
2                                      6.0000000000000000e+00
3                                      6.0000000000000000e+00
4                                      6.0000000000000000e+00
5                                      7.0000000000000000e+00
6                                      6.0000000000000000e+00
7                                      6.0000000000000000e+00
8                                      6.0000000000000000e+00
9                                      6.0000000000000000e+00
10                                     6.0000000000000000e+00
11                                     6.0000000000000000e+00
12                                     6.0000000000000000e+00
13                                     8.0000000000000000e+00
14                                     8.0000000000000000e+00
15                                     1.0000000000000000e+00
16                                     1.0000000000000000e+00
17                                     1.0000000000000000e+00
18                                     1.0000000000000000e+00
19                                     1.0000000000000000e+00
20                                     1.0000000000000000e+00
21                                     1.0000000000000000e+00
22                                     1.0000000000000000e+00
23                                     1.0000000000000000e+00
24                                     1.0000000000000000e+00
25                                     1.0000000000000000e+00
26                                     1.0000000000000000e+00
   &QA [&Type "ArrayOfDoubles", &Dim (27,1)] "Mulliken gross atomic charge"
                                                         0

0                                     -7.9611863247816217e-02
1                                      1.3721180443298753e-01
2                                     -8.8718822871263470e-01
3                                      3.2774454237163386e-01
4                                     -8.5530735941675573e-01
5                                     -9.5745063020507004e-03
6                                     -3.8583780957762848e-01
7                                     -1.0541769114683932e+00
8                                     -5.6593163227767818e-01
9                                     -8.9976147662294537e-01
10                                    -2.2047921360903633e-01
11                                     1.1722772903856873e+00
12                                     4.5564751584996799e-01
13                                    -7.9380817849415308e-01
14                                    -7.3079637746001502e-01
15                                     3.4903706781975741e-01
16                                     3.6655733292114689e-01
17                                     3.0054390247323659e-01
18                                     2.6501264652584178e-01
19                                     3.5065195495907497e-01
20                                     3.1861669685732175e-01
21                                     4.7699617900520874e-01
22                                     1.6772493175025016e-01
23                                     4.4991460554786011e-01
24                                     4.6035620484547368e-01
25                                     4.6132438528681485e-01
26                                     4.2285649615833809e-01
   &VA [&Type "ArrayOfDoubles", &Dim (27,1)] "Mayer's total valence"
                                                         0

0                                      3.6639451375143222e+00
1                                      3.9278565316673797e+00
2                                      3.5266588894322410e+00
3                                      2.4370250084178089e+00
4                                      2.8045076812883756e+00
5                                      3.3070605869858407e+00
6                                      2.5681683869910037e+00
7                                      3.3307988499434460e+00
8                                      3.6386754384179580e+00
9                                      3.6670773212592813e+00
10                                     3.0921561564683051e+00
11                                     4.8147778860317292e-02
12                                     3.7266929999578124e+00
13                                     1.5954046899445280e+00
14                                     1.6027780191995955e+00
15                                     8.0937838926232064e-01
16                                     9.0745324366773317e-01
17                                     9.5461274859803114e-01
18                                     7.5205864222168017e-01
19                                     8.9135181658888285e-01
20                                     8.1850607734670977e-01
21                                     7.3691931997661797e-01
22                                     1.0865554518841680e+00
23                                     7.3352204420704470e-01
24                                     7.0191620868398563e-01
25                                     6.9066215130681130e-01
26                                     7.5589321380536523e-01
   &BVA [&Type "ArrayOfDoubles", &Dim (27,1)] "Mayer's bonded valence"
                                                         0

0                                      3.6639451375143155e+00
1                                      3.9278565316677221e+00
2                                      3.5266588894326345e+00
3                                      2.4370250084183591e+00
4                                      2.8045076812868128e+00
5                                      3.3070605869856058e+00
6                                      2.5681683869913465e+00
7                                      3.3307988499444559e+00
8                                      3.6386754384184057e+00
9                                      3.6670773212587164e+00
10                                     3.0921561564662827e+00
11                                     4.8147778859332746e-02
12                                     3.7266929999577774e+00
13                                     1.5954046899444347e+00
14                                     1.6027780191996164e+00
15                                     8.0937838926229444e-01
16                                     9.0745324366774682e-01
17                                     9.5461274859806011e-01
18                                     7.5205864222185026e-01
19                                     8.9135181658884344e-01
20                                     8.1850607734681036e-01
21                                     7.3691931997654070e-01
22                                     1.0865554518841203e+00
23                                     7.3352204420709310e-01
24                                     7.0191620868390026e-01
25                                     6.9066215130658726e-01
26                                     7.5589321380515906e-01
   &FA [&Type "ArrayOfDoubles", &Dim (27,1)] "Mayer's free valence"
                                                         0

0                                      0.0000000000000000e+00
1                                      0.0000000000000000e+00
2                                      0.0000000000000000e+00
3                                      0.0000000000000000e+00
4                                      1.5627499294623703e-12
5                                      0.0000000000000000e+00
6                                      0.0000000000000000e+00
7                                     -1.0098588631990424e-12
8                                      0.0000000000000000e+00
9                                      0.0000000000000000e+00
10                                     2.0221602170522601e-12
11                                     0.0000000000000000e+00
12                                     0.0000000000000000e+00
13                                     0.0000000000000000e+00
14                                     0.0000000000000000e+00
15                                     0.0000000000000000e+00
16                                     0.0000000000000000e+00
17                                     0.0000000000000000e+00
18                                     0.0000000000000000e+00
19                                     0.0000000000000000e+00
20                                     0.0000000000000000e+00
21                                     0.0000000000000000e+00
22                                     0.0000000000000000e+00
23                                     0.0000000000000000e+00
24                                     0.0000000000000000e+00
25                                     0.0000000000000000e+00
26                                     0.0000000000000000e+00
   &Method [&Type "String"] "SCF"
   &Level [&Type "String"] "Relaxed density"
   &Mult [&Type "Integer"] 1
   &State [&Type "Integer"] -1
   &Irrep [&Type "Integer"] 0
$End
$SCF_Energy
   &GeometryIndex 1
   &Method [&Type "String"] "SCF"
   &totalEnergy [&Type "ArrayOfDoubles", &Dim (1,1)] "Total energy of each state"
                                                         0

0                                     -6.8668684529317056e+02
   &Mult [&Type "ArrayOfIntegers", &Dim (1,1)] "Multiplicity of each state"
                                                         0

0                                                        1
$End
$DFT_Energy
   &GeometryIndex 1
   &nAlphaEl [&Type "Integer"] 54
   &nBetaEl [&Type "Integer"] 54
   &nTotalEl [&Type "Integer"] 107
   &finalEn [&Type "Double"]      -6.8668684529317056e+02  "No Van der Waals correction"
   &eExchange [&Type "Double"]      -9.1315344614418450e+01
   &eCorr [&Type "Double"]      -3.9687542364368027e+00
   &eXC [&Type "Double"]      -9.5284098850855258e+01
   &eCNL [&Type "Double"]       0.0000000000000000e+00
$End
$Solvation_Details
   &GeometryIndex 1
   &Solvent [&Type "String"] "CONDUCTOR"
   &Epsilon [&Type "Double"]      -1.0000000000000000e+00
   &Refrac [&Type "Double"]       1.3300000000000001e+00
   &RSolv [&Type "Double"]       1.3000000000000000e+00
   &SurfaceType [&Type "String"] "GAUSSIAN VDW"
   &CPCMDielEnergy [&Type "Double"]      -7.5423923000000004e-02
   &NPoints [&Type "Integer"] 1675
   &SurfaceArea [&Type "Double"]       8.6053602695400002e+02
$End
$SCF_Timings
   &GeometryIndex 1
   &TOTAL [&Type "Double"]       1.6476993000000000e+01
   &PREP [&Type "Double"]       3.9346100000000006e-01
   &FOCK [&Type "Double"]       1.4138114000000002e+01
   &DENS [&Type "Double"]       8.4653000000002976e-02
   &ETOT [&Type "Double"]       5.6014999999999482e-02
   &POP [&Type "Double"]       5.8288999999998481e-02
   &TRAFO [&Type "Double"]       1.6522900000000051e-01
   &DIIS [&Type "Double"]       5.7813900000000062e-01
   &SOSCF [&Type "Double"]       4.5973799999999976e-01
   &XC [&Type "Double"]       7.7289969999999988e+00
   &FOCKSTART [&Type "Double"]       1.6680000000001916e-02
   &SOLV [&Type "Double"]       3.6286880000000004e+00
   &SOLV_INIT [&Type "Double"]       4.6173999999999993e-02
   &INT_PREP [&Type "Double"]       1.9999999993913775e-06
   &INT_BF [&Type "Double"]       1.3825869999999034e+00
   &INT_DENS [&Type "Double"]       3.0690840000000930e+00
   &INT_DENSIO [&Type "Double"]       5.0084638860000079e+04
   &INT_FUNC [&Type "Double"]       6.4807000000007609e-02
   &INT_POT [&Type "Double"]       2.9329779999999723e+00
   &INT_POTIO [&Type "Double"]       1.2848000000008519e-02
   &INT_SUM [&Type "Double"]       1.0400000000299059e-04
   &SPLITRIJ [&Type "Double"]       3.6797039999999992e+00
$End
$Single_Point_Data
   &GeometryIndex 1
   &FinalEnergy [&Type "Double"]      -6.8668684529317056e+02  "Final single point energy"
   &Converged [&Type "Boolean"] true
$End
$Calculation_Info
   &GeometryIndex 1
   &Mult [&Type "Integer"] 1
   &Charge [&Type "Integer"] 0
   &NumOfAtoms [&Type "Integer"] 27
   &NumOfElectrons [&Type "Integer"] 108
   &NumOfBasisFuncts [&Type "Integer"] 669
   &NumOfAuxCBasisFuncts [&Type "Integer"] 0
   &NumOfAuxJBasisFuncts [&Type "Integer"] 867
   &NumOfAuxJKBasisFuncts [&Type "Integer"] 0
   &NumOfCABSBasisFuncts [&Type "Integer"] 0
$End
$SCF_Dipole_Moment
   &GeometryIndex 1
   &dipoleMagnitude [&Type "Double", &Units "a.u."]       5.8491308783804943e+00
   &dipoleElecContrib [&Type "ArrayOfDoubles", &Dim (3,1)] "Electronic contribution"
                                                         0

0                                     -8.6835406060701925e-01
1                                      2.0314839488558829e+00
2                                      7.1356168582859869e-01
   &dipoleNucContrib [&Type "ArrayOfDoubles", &Dim (3,1)] "Nuclear contribution"
                                                         0

0                                      5.2997699112740762e+00
1                                      5.6057217632232970e-01
2                                     -3.5164406762252667e+00
   &dipoleTotal [&Type "ArrayOfDoubles", &Dim (3,1)] "Total"
                                                         0

0                                      4.4314158506670571e+00
1                                      2.5920561251782126e+00
2                                     -2.8028789903966680e+00
   &doAtomicDipole [&Type "Boolean"] false
   &Method [&Type "String"] "SCF"
   &Level [&Type "String"] "Relaxed density"
   &Mult [&Type "Integer"] 1
   &State [&Type "Integer"] -1
   &Irrep [&Type "Integer"] 0
$End
$SCF_Polarizability
   &GeometryIndex 1
   &isotropicPolar [&Type "Double"]       2.4326889726354480e+02
   &rawCartesian [&Type "ArrayOfDoubles", &Units "a.u", &Dim (3,3)] 
                                                         0                           1                           2

0                                      2.8204598496407152e+02        -9.9901453605858759e+00        -4.4315072270543361e+01
1                                     -9.9901453605858759e+00         2.6539561825477790e+02         3.1283993240670512e+01
2                                     -4.4315072270543361e+01         3.1283993240670512e+01         1.8236508857178518e+02
   &diagonalizedTensor [&Type "ArrayOfDoubles", &Dim (3,1)] 
                                                         0

0                                      1.5912270043667311e+02
1                                      2.6119361788070228e+02
2                                      3.0949037347325913e+02
   &orientation [&Type "ArrayOfDoubles", &Dim (3,3)] 
                                                         0                           1                           2

0                                      3.1171756445092447e-01        -5.1548181696946760e-01         7.9819211746711716e-01
1                                     -2.4123889945893673e-01        -8.5545746884333929e-01        -4.5825354596335466e-01
2                                      9.1904077896501657e-01        -4.9709308725869074e-02        -3.9101538489600574e-01
   &doAtomicPolar [&Type "Boolean"] true
   &atomicPolarIso [&Type "ArrayOfDoubles", &Dim (27,1)] "Atomic istotropic polarizabilities"
                                                         0

0                                      3.3921100124608885e+00
1                                      2.6696660117984399e+00
2                                      3.5241785977471958e+00
3                                      3.1544242226698125e+00
4                                      1.1153382586391588e+01
5                                      9.7728685331653029e+00
6                                      5.8439874616382941e+00
7                                      1.4915189725570979e+01
8                                      1.9395253446737819e+01
9                                      1.4843192474150818e+01
10                                     5.6672744473026357e+00
11                                     2.2456074870703269e+00
12                                     7.3497343727223825e+00
13                                     1.9327617652348458e+01
14                                     2.3566266208219574e+01
15                                     4.8192543172986202e+00
16                                     3.9307809983449489e+00
17                                     1.4341945270239123e+00
18                                     5.3336006909665983e+00
19                                     4.3337944844511842e+00
20                                     7.1418499564231341e+00
21                                     9.6500950065463247e+00
22                                     9.9601355182030691e+00
23                                     1.3853522941126222e+01
24                                     1.7549421777555175e+01
25                                     1.3180946796297512e+01
26                                     5.2038085675942973e+00
   &Method [&Type "String"] "SCF"
   &Level [&Type "String"] "Relaxed density"
   &Mult [&Type "Integer"] 1
   &State [&Type "Integer"] -1
   &Irrep [&Type "Integer"] 0
$End
$Calculation_Timings
   &GeometryIndex 1
   &GTOINT [&Type "Double"]       1.2076799999999821e+00
   &SCF [&Type "Double"]       1.7898584999999997e+01
   &RESPONSE [&Type "Double"]       2.4113630999999998e+01
   &PROP [&Type "Double"]       5.3419387400000005e+02
   &SUM [&Type "Double"]       5.7741377000000000e+02
$End
