*************************************************
******************* ORCA 6.1.0-f.0 ******************
*************************************************
$Calculation_Status
   &GeometryIndex 1
   &version [&Type "String"] "6.1.0-f.0"
   &progName [&Type "String"] "LeanSCF"
   &Status [&Type "String"] "NORMAL TERMINATION"
$End
$Geometry
   &GeometryIndex 1
   &NAtoms [&Type "Integer"] 27
   &NCorelessECP [&Type "Integer"] 0
   &NGhostAtoms [&Type "Integer"] 0
   &CartesianCoordinates [&Type "Coordinates", &Dim(27,4), &Units "Bohr"] 
              N     -5.141073117529   -0.662842228460   -1.418526739675
              C     -4.644927127335    0.569648173186    1.092682377341
              C     -2.615437831206   -0.875035361949    2.618800806732
              C     -0.302781143040   -1.624407091835    1.151636314719
              C      0.168510110793   -4.021560162874    0.205911173594
              N      2.459229761956   -4.065331038937   -1.029834583675
              C      3.546049660809   -1.700910462285   -0.917112514273
              C      5.859543346474   -0.835997701831   -1.872906021754
              C      6.487173759861    1.685119702840   -1.439019685761
              C      4.850443631625    3.303642357569   -0.083018239091
              C      2.548524953167    2.440563878684    0.859983239758
              C      1.850233730106   -0.097807160226    0.448480275185
              C     -4.033961169374    3.403523000898    0.523877626723
              O     -3.529809278825    4.771260213778    2.394345391538
              O     -4.182919927922    4.052992128837   -1.785195176933
              H     -5.102696596996    0.885506844683   -2.674482532131
              H     -3.702953319352   -1.894587038661   -1.895036075385
              H     -6.834809782566   -1.599444433216   -1.512516653110
              H     -6.427029087148    0.540417662580    2.154835832146
              H     -2.119690176384    0.343859121568    4.227834012707
              H     -3.494502750677   -2.585911767432    3.407764699075
              H     -0.962461802987   -5.729402272898    0.362134020503
              H      3.229490996958   -5.608577209012   -1.869114191780
              H      7.120323175113   -2.094606405217   -2.912224328313
              H      8.275049626698    2.420992684314   -2.157529769031
              H      5.405105350604    5.266606056132    0.225001810608
              H      1.295374950486    3.712288585351    1.893229043667
$End
$SCF_Mulliken_Population_Analysis
   &GeometryIndex 1
   &NAtoms [&Type "Integer"] 27
   &ATNO [&Type "ArrayOfIntegers", &Dim (27,1)] 
                                                         0

0                                                        7
1                                                        6
2                                                        6
3                                                        6
4                                                        6
5                                                        7
6                                                        6
7                                                        6
8                                                        6
9                                                        6
10                                                       6
11                                                       6
12                                                       6
13                                                       8
14                                                       8
15                                                       1
16                                                       1
17                                                       1
18                                                       1
19                                                       1
20                                                       1
21                                                       1
22                                                       1
23                                                       1
24                                                       1
25                                                       1
26                                                       1
   &AtomicCharges [&Type "ArrayOfDoubles", &Dim (27,1)] 
                                                         0

0                                     -1.4685400131994530e-01
1                                     -4.6006239874592403e-02
2                                     -7.3146652156466274e-01
3                                      1.9693859262474334e-01
4                                     -5.3099588317058455e-01
5                                      3.6171209122008996e-02
6                                     -3.0758882223717521e-01
7                                     -9.9700739640773683e-01
8                                     -4.1758551225896667e-01
9                                     -8.0804409946764988e-01
10                                    -2.5533764073166054e-01
11                                     1.2129411816687181e+00
12                                     6.3755751920565817e-01
13                                    -6.5436364207410591e-01
14                                    -7.5977556085110720e-01
15                                     3.2533224357739843e-01
16                                     3.3067766629505391e-01
17                                     3.3111686376372673e-01
18                                     1.2621573712377454e-01
19                                     3.1725957233966895e-01
20                                     2.6828226836627000e-01
21                                     3.2356589823836845e-01
22                                     1.2556809505986055e-01
23                                     2.8297523370317323e-01
24                                     3.3262193836744480e-01
25                                     3.5964069642481511e-01
26                                     4.4816060407902292e-01
   &Method [&Type "String"] "SCF"
   &Level [&Type "String"] "Relaxed density"
   &Mult [&Type "Integer"] 1
   &State [&Type "Integer"] -1
   &Irrep [&Type "Integer"] 0
$End
$SCF_Loewdin_Population_Analysis
   &GeometryIndex 1
   &NAtoms [&Type "Integer"] 27
   &ATNO [&Type "ArrayOfIntegers", &Dim (27,1)] 
                                                         0

0                                                        7
1                                                        6
2                                                        6
3                                                        6
4                                                        6
5                                                        7
6                                                        6
7                                                        6
8                                                        6
9                                                        6
10                                                       6
11                                                       6
12                                                       6
13                                                       8
14                                                       8
15                                                       1
16                                                       1
17                                                       1
18                                                       1
19                                                       1
20                                                       1
21                                                       1
22                                                       1
23                                                       1
24                                                       1
25                                                       1
26                                                       1
   &AtomicCharges [&Type "ArrayOfDoubles", &Dim (27,1)] 
                                                         0

0                                      1.7915898710198164e-01
1                                     -2.0349334399087748e-01
2                                     -9.7276737379663025e-02
3                                     -1.8226283237911112e-01
4                                     -8.0976640535199707e-02
5                                      7.5700920495854085e-02
6                                     -2.0502977607795003e-01
7                                     -3.2126130078600212e-02
8                                     -9.7168753593670942e-02
9                                     -8.4725443659925403e-02
10                                    -6.3603663952802592e-03
11                                    -1.0836304102969407e-01
12                                    -6.6460636418574826e-01
13                                     3.4769819564415272e-03
14                                    -2.6351613650392736e-02
15                                     1.3041094021769706e-01
16                                     1.3971840740816344e-01
17                                     1.5899872953364658e-01
18                                     1.5071009698089222e-01
19                                     1.3105366128498530e-01
20                                     1.1656806099585315e-01
21                                     1.2125071885965300e-01
22                                     1.5797676973451646e-01
23                                     1.0617169288476180e-01
24                                     1.0096605267007586e-01
25                                     1.0449767766480578e-01
26                                     1.1208134516830837e-01
   &Method [&Type "String"] "SCF"
   &Level [&Type "String"] "Relaxed density"
   &Mult [&Type "Integer"] 1
   &State [&Type "Integer"] -1
   &Irrep [&Type "Integer"] 0
$End
$SCF_Mayer_Population_Analysis
   &GeometryIndex 1
   &NAtoms [&Type "Integer"] 27 "Total number of atoms"
   &NBondOrdersPrint [&Type "Integer"] 47 "The number of bond orders larger than threshold"
   &bondThresh [&Type "Double"]       1.0000000000000001e-01  "The threshold for printing"
   &components [&Type "ArrayOfIntegers", &Dim (47,4)] "The indices and atomic numbers of the bonding atoms"
                                                         0                           1                           2                           3

0                                                        0                           7                           1                           6
1                                                        0                           7                          15                           1
2                                                        0                           7                          16                           1
3                                                        0                           7                          17                           1
4                                                        1                           6                           2                           6
5                                                        1                           6                           3                           6
6                                                        1                           6                          12                           6
7                                                        1                           6                          14                           8
8                                                        1                           6                          18                           1
9                                                        2                           6                           3                           6
10                                                       2                           6                           4                           6
11                                                       2                           6                          10                           6
12                                                       2                           6                          19                           1
13                                                       2                           6                          20                           1
14                                                       3                           6                           4                           6
15                                                       3                           6                           8                           6
16                                                       3                           6                          11                           6
17                                                       3                           6                          20                           1
18                                                       4                           6                           5                           7
19                                                       4                           6                           6                           6
20                                                       4                           6                           7                           6
21                                                       4                           6                          10                           6
22                                                       4                           6                          11                           6
23                                                       4                           6                          21                           1
24                                                       5                           7                           6                           6
25                                                       5                           7                          11                           6
26                                                       5                           7                          22                           1
27                                                       6                           6                           7                           6
28                                                       6                           6                           8                           6
29                                                       6                           6                           9                           6
30                                                       6                           6                          10                           6
31                                                       6                           6                          11                           6
32                                                       7                           6                           8                           6
33                                                       7                           6                           9                           6
34                                                       7                           6                          11                           6
35                                                       7                           6                          23                           1
36                                                       8                           6                           9                           6
37                                                       8                           6                          24                           1
38                                                       9                           6                          10                           6
39                                                       9                           6                          11                           6
40                                                       9                           6                          25                           1
41                                                      10                           6                          11                           6
42                                                      10                           6                          26                           1
43                                                      12                           6                          13                           8
44                                                      12                           6                          14                           8
45                                                      13                           8                          14                           8
46                                                      14                           8                          15                           1
   &BondOrders [&Type "ArrayOfDoubles", &Dim (47,1)] "The bond orders"
                                                         0

0                                      1.1142785498366741e+00
1                                      6.4712447055222433e-01
2                                      8.0700786748397857e-01
3                                      8.8025290077668639e-01
4                                      8.6708605966532826e-01
5                                      2.3900432689458959e-01
6                                      1.0663230237109622e+00
7                                      2.3034176410294088e-01
8                                      9.2918208487544518e-01
9                                      5.9736725259102297e-01
10                                    -1.4300037964594062e-01
11                                     1.1124183514356614e-01
12                                     8.5983039710012676e-01
13                                     1.0372020365993178e+00
14                                     1.2968183940934663e+00
15                                     1.2368768056672019e-01
16                                    -2.2065118285521856e-01
17                                    -1.1844449756890835e-01
18                                     1.2104940801345847e+00
19                                     1.4509793629127204e-01
20                                    -1.7604689453873779e-01
21                                     1.3237828131944970e-01
22                                    -3.9112509794100114e-01
23                                     8.1258330735565409e-01
24                                     1.2189126370083765e+00
25                                    -1.9605259004885567e-01
26                                     9.9574968382821483e-01
27                                     1.2348910573803145e+00
28                                    -1.2034508758067664e-01
29                                     1.8471717618140324e-01
30                                    -2.7513768257103427e-01
31                                     2.9662130074938897e-01
32                                     1.6427067003700480e+00
33                                     1.8527675713404407e-01
34                                    -3.0039508429767092e-01
35                                     8.7093249450404342e-01
36                                     1.5155799667476881e+00
37                                     7.8744632647823720e-01
38                                     1.4442638043637070e+00
39                                    -1.4447493289436730e-01
40                                     7.4414968501795697e-01
41                                     1.0047462566668854e+00
42                                     7.1106032082181336e-01
43                                     1.3717766475806588e+00
44                                     1.0071722897475364e+00
45                                     1.2065993466691644e-01
46                                     2.7192414244861596e-01
   &ATNO [&Type "ArrayOfIntegers", &Dim (27,1)] "Atomic number of the elements"
                                                         0

0                                                        7
1                                                        6
2                                                        6
3                                                        6
4                                                        6
5                                                        7
6                                                        6
7                                                        6
8                                                        6
9                                                        6
10                                                       6
11                                                       6
12                                                       6
13                                                       8
14                                                       8
15                                                       1
16                                                       1
17                                                       1
18                                                       1
19                                                       1
20                                                       1
21                                                       1
22                                                       1
23                                                       1
24                                                       1
25                                                       1
26                                                       1
   &NA [&Type "ArrayOfDoubles", &Dim (27,1)] "Mulliken gross atomic population"
                                                         0

0                                      7.1468540013199524e+00
1                                      6.0460062398745853e+00
2                                      6.7314665215646370e+00
3                                      5.8030614073752691e+00
4                                      6.5309958831705908e+00
5                                      6.9638287908780097e+00
6                                      6.3075888222371610e+00
7                                      6.9970073964077386e+00
8                                      6.4175855122589693e+00
9                                      6.8080440994676543e+00
10                                     6.2553376407316410e+00
11                                     4.7870588183312783e+00
12                                     5.3624424807943418e+00
13                                     8.6543636420741166e+00
14                                     8.7597755608511143e+00
15                                     6.7466775642260168e-01
16                                     6.6932233370494654e-01
17                                     6.6888313623627360e-01
18                                     8.7378426287622590e-01
19                                     6.8274042766033172e-01
20                                     7.3171773163372922e-01
21                                     6.7643410176163143e-01
22                                     8.7443190494013967e-01
23                                     7.1702476629682677e-01
24                                     6.6737806163255542e-01
25                                     6.4035930357518533e-01
26                                     5.5183939592097686e-01
   &ZA [&Type "ArrayOfDoubles", &Dim (27,1)] "Total nuclear charge"
                                                         0

0                                      7.0000000000000000e+00
1                                      6.0000000000000000e+00
2                                      6.0000000000000000e+00
3                                      6.0000000000000000e+00
4                                      6.0000000000000000e+00
5                                      7.0000000000000000e+00
6                                      6.0000000000000000e+00
7                                      6.0000000000000000e+00
8                                      6.0000000000000000e+00
9                                      6.0000000000000000e+00
10                                     6.0000000000000000e+00
11                                     6.0000000000000000e+00
12                                     6.0000000000000000e+00
13                                     8.0000000000000000e+00
14                                     8.0000000000000000e+00
15                                     1.0000000000000000e+00
16                                     1.0000000000000000e+00
17                                     1.0000000000000000e+00
18                                     1.0000000000000000e+00
19                                     1.0000000000000000e+00
20                                     1.0000000000000000e+00
21                                     1.0000000000000000e+00
22                                     1.0000000000000000e+00
23                                     1.0000000000000000e+00
24                                     1.0000000000000000e+00
25                                     1.0000000000000000e+00
26                                     1.0000000000000000e+00
   &QA [&Type "ArrayOfDoubles", &Dim (27,1)] "Mulliken gross atomic charge"
                                                         0

0                                     -1.4685400131995241e-01
1                                     -4.6006239874585297e-02
2                                     -7.3146652156463698e-01
3                                      1.9693859262473090e-01
4                                     -5.3099588317059077e-01
5                                      3.6171209121990344e-02
6                                     -3.0758882223716100e-01
7                                     -9.9700739640773861e-01
8                                     -4.1758551225896934e-01
9                                     -8.0804409946765432e-01
10                                    -2.5533764073164100e-01
11                                     1.2129411816687217e+00
12                                     6.3755751920565817e-01
13                                    -6.5436364207411657e-01
14                                    -7.5977556085111431e-01
15                                     3.2533224357739832e-01
16                                     3.3067766629505346e-01
17                                     3.3111686376372640e-01
18                                     1.2621573712377410e-01
19                                     3.1725957233966828e-01
20                                     2.6828226836627078e-01
21                                     3.2356589823836857e-01
22                                     1.2556809505986033e-01
23                                     2.8297523370317323e-01
24                                     3.3262193836744458e-01
25                                     3.5964069642481467e-01
26                                     4.4816060407902314e-01
   &VA [&Type "ArrayOfDoubles", &Dim (27,1)] "Mayer's total valence"
                                                         0

0                                      3.5614286945355618e+00
1                                      4.5672644708213390e+00
2                                      3.5005816458470669e+00
3                                      1.9394494714458359e+00
4                                      2.8770974750164435e+00
5                                      3.2932946402091767e+00
6                                      2.5952947285275849e+00
7                                      3.4513353061241920e+00
8                                      3.8211196731889876e+00
9                                      3.8328926400651540e+00
10                                     3.0840601727323054e+00
11                                    -1.3037203744454828e-02
12                                     3.6544367959201547e+00
13                                     1.6704030746154044e+00
14                                     1.6441552988075645e+00
15                                     1.0058625508465264e+00
16                                     9.4196180563091747e-01
17                                     7.9602032100466857e-01
18                                     9.0477608941128496e-01
19                                     8.4963650179698247e-01
20                                     8.7184679430629697e-01
21                                     8.8261872649524742e-01
22                                     1.0927794752231339e+00
23                                     8.3733649339585048e-01
24                                     7.9266043304615541e-01
25                                     7.6439169711486110e-01
26                                     6.6532762587404004e-01
   &BVA [&Type "ArrayOfDoubles", &Dim (27,1)] "Mayer's bonded valence"
                                                         0

0                                      3.5614286945355964e+00
1                                      4.5672644708211259e+00
2                                      3.5005816458468724e+00
3                                      1.9394494714471322e+00
4                                      2.8770974750166181e+00
5                                      3.2932946402093504e+00
6                                      2.5952947285257668e+00
7                                      3.4513353061223544e+00
8                                      3.8211196731889121e+00
9                                      3.8328926400645029e+00
10                                     3.0840601727332260e+00
11                                    -1.3037203745025039e-02
12                                     3.6544367959202231e+00
13                                     1.6704030746153951e+00
14                                     1.6441552988075334e+00
15                                     1.0058625508465351e+00
16                                     9.4196180563093768e-01
17                                     7.9602032100466946e-01
18                                     9.0477608941131127e-01
19                                     8.4963650179693218e-01
20                                     8.7184679430627798e-01
21                                     8.8261872649506190e-01
22                                     1.0927794752230606e+00
23                                     8.3733649339580629e-01
24                                     7.9266043304613976e-01
25                                     7.6439169711484789e-01
26                                     6.6532762587405014e-01
   &FA [&Type "ArrayOfDoubles", &Dim (27,1)] "Mayer's free valence"
                                                         0

0                                      0.0000000000000000e+00
1                                      0.0000000000000000e+00
2                                      0.0000000000000000e+00
3                                     -1.2962964035523328e-12
4                                      0.0000000000000000e+00
5                                      0.0000000000000000e+00
6                                      1.8181012251261564e-12
7                                      1.8376411503595591e-12
8                                      0.0000000000000000e+00
9                                      0.0000000000000000e+00
10                                     0.0000000000000000e+00
11                                     0.0000000000000000e+00
12                                     0.0000000000000000e+00
13                                     0.0000000000000000e+00
14                                     0.0000000000000000e+00
15                                     0.0000000000000000e+00
16                                     0.0000000000000000e+00
17                                     0.0000000000000000e+00
18                                     0.0000000000000000e+00
19                                     0.0000000000000000e+00
20                                     0.0000000000000000e+00
21                                     0.0000000000000000e+00
22                                     0.0000000000000000e+00
23                                     0.0000000000000000e+00
24                                     0.0000000000000000e+00
25                                     0.0000000000000000e+00
26                                     0.0000000000000000e+00
   &Method [&Type "String"] "SCF"
   &Level [&Type "String"] "Relaxed density"
   &Mult [&Type "Integer"] 1
   &State [&Type "Integer"] -1
   &Irrep [&Type "Integer"] 0
$End
$SCF_Energy
   &GeometryIndex 1
   &Method [&Type "String"] "SCF"
   &totalEnergy [&Type "ArrayOfDoubles", &Dim (1,1)] "Total energy of each state"
                                                         0

0                                     -6.8662883710677818e+02
   &Mult [&Type "ArrayOfIntegers", &Dim (1,1)] "Multiplicity of each state"
                                                         0

0                                                        1
$End
$DFT_Energy
   &GeometryIndex 1
   &nAlphaEl [&Type "Integer"] 53
   &nBetaEl [&Type "Integer"] 53
   &nTotalEl [&Type "Integer"] 107
   &finalEn [&Type "Double"]      -6.8662883710677818e+02  "No Van der Waals correction"
   &eExchange [&Type "Double"]      -9.1302928196187338e+01
   &eCorr [&Type "Double"]      -3.9703240552277790e+00
   &eXC [&Type "Double"]      -9.5273252251415116e+01
   &eCNL [&Type "Double"]       0.0000000000000000e+00
$End
$SCF_Timings
   &GeometryIndex 1
   &TOTAL [&Type "Double"]       1.5333724000000000e+01
   &PREP [&Type "Double"]       3.4797200000000000e-01
   &FOCK [&Type "Double"]       1.2994711000000002e+01
   &DENS [&Type "Double"]       9.2039999999999011e-02
   &ETOT [&Type "Double"]       3.4492000000002410e-02
   &POP [&Type "Double"]       5.8903000000000816e-02
   &TRAFO [&Type "Double"]       2.0143599999999973e-01
   &DIIS [&Type "Double"]       7.1239400000000042e-01
   &SOSCF [&Type "Double"]       4.6050500000000039e-01
   &XC [&Type "Double"]       9.5549849999999985e+00
   &FOCKSTART [&Type "Double"]       1.7824000000003448e-02
   &INT_PREP [&Type "Double"]       6.0000000017268462e-06
   &INT_BF [&Type "Double"]       1.4313080000000249e+00
   &INT_DENS [&Type "Double"]       3.5958690000000226e+00
   &INT_DENSIO [&Type "Double"]       5.0765434660000057e+04
   &INT_FUNC [&Type "Double"]       6.9624999999942094e-02
   &INT_POT [&Type "Double"]       3.9892029999999972e+00
   &INT_POTIO [&Type "Double"]       1.3272000000002171e-02
   &INT_SUM [&Type "Double"]       1.2000000000056410e-04
   &SPLITRIJ [&Type "Double"]       4.2018430000000002e+00
$End
$Single_Point_Data
   &GeometryIndex 1
   &FinalEnergy [&Type "Double"]      -6.8662883710677818e+02  "Final single point energy"
   &Converged [&Type "Boolean"] true
$End
$Calculation_Info
   &GeometryIndex 1
   &Mult [&Type "Integer"] 1
   &Charge [&Type "Integer"] 0
   &NumOfAtoms [&Type "Integer"] 27
   &NumOfElectrons [&Type "Integer"] 108
   &NumOfBasisFuncts [&Type "Integer"] 669
   &NumOfAuxCBasisFuncts [&Type "Integer"] 0
   &NumOfAuxJBasisFuncts [&Type "Integer"] 867
   &NumOfAuxJKBasisFuncts [&Type "Integer"] 0
   &NumOfCABSBasisFuncts [&Type "Integer"] 0
$End
$SCF_Dipole_Moment
   &GeometryIndex 1
   &dipoleMagnitude [&Type "Double", &Units "a.u."]       4.2558158035404281e+00
   &dipoleElecContrib [&Type "ArrayOfDoubles", &Dim (3,1)] "Electronic contribution"
                                                         0

0                                      1.3561411442232389e+00
1                                      1.7560136633539749e+00
2                                     -3.9202185643250514e-01
   &dipoleNucContrib [&Type "ArrayOfDoubles", &Dim (3,1)] "Nuclear contribution"
                                                         0

0                                     -1.7277015888842380e+00
1                                     -5.8908590487526187e+00
2                                     -5.4444203954817905e-01
   &dipoleTotal [&Type "ArrayOfDoubles", &Dim (3,1)] "Total"
                                                         0

0                                     -3.7156044466099902e-01
1                                     -4.1348453853986440e+00
2                                     -9.3646389598068414e-01
   &doAtomicDipole [&Type "Boolean"] false
   &Method [&Type "String"] "SCF"
   &Level [&Type "String"] "Relaxed density"
   &Mult [&Type "Integer"] 1
   &State [&Type "Integer"] -1
   &Irrep [&Type "Integer"] 0
$End
$Calculation_Timings
   &GeometryIndex 1
   &GTOINT [&Type "Double"]       1.1892860000000001e+00
   &SCF [&Type "Double"]       1.7066911000000001e+01
   &PROP [&Type "Double"]       5.9282999999999930e-01
   &SUM [&Type "Double"]       1.8849027000000000e+01
$End
