*************************************************
******************* ORCA 6.1.0-f.0 ******************
*************************************************
$Calculation_Status
   &GeometryIndex 1
   &version [&Type "String"] "6.1.0-f.0"
   &progName [&Type "String"] "LeanSCF"
   &Status [&Type "String"] "NORMAL TERMINATION"
$End
$Geometry
   &GeometryIndex 1
   &NAtoms [&Type "Integer"] 27
   &NCorelessECP [&Type "Integer"] 0
   &NGhostAtoms [&Type "Integer"] 0
   &CartesianCoordinates [&Type "Coordinates", &Dim(27,4), &Units "Bohr"] 
              N      4.048517295147   -2.278017762467    0.777267961561
              C      4.820643746535   -0.015810847234   -0.768881149109
              C      2.631275077914    1.004375834151   -2.390196138763
              C      0.241606966428    1.529961395354   -0.946341702071
              C     -0.311859689744    3.661495638152    0.466831235596
              N     -2.674853145220    3.434304976660    1.537947585865
              C     -3.728643635917    1.156088226032    0.848093045129
              C     -6.083339833062    0.100296477565    1.441011797257
              C     -6.646029959034   -2.265421585051    0.426323595313
              C     -4.906762402601   -3.547403422817   -1.145777143252
              C     -2.565623440891   -2.495645521550   -1.732694559816
              C     -1.931003440762   -0.107841624894   -0.729350138189
              C      5.958443203042    1.934565914675    1.139847182644
              O      6.584111513784    4.044509261606    0.258310331314
              O      6.200892514894    1.148038805284    3.397851233571
              H      4.676327761639   -3.964616931897    0.059061198233
              H      2.117062474401   -2.373651888817    1.006196982124
              H      4.870093665370   -1.886291084241    2.550727202209
              H      6.368074941900   -0.632338004645   -2.008631406131
              H      3.344484932912    2.732633543772   -3.293405106389
              H      2.244853805810   -0.354832156516   -3.916445223818
              H      0.807611048429    5.353272279244    0.780842624208
              H     -3.515892730862    4.764395008809    2.635038977736
              H     -7.426028253606    1.098103831544    2.647503686904
              H     -8.464534809407   -3.141239444798    0.849921241780
              H     -5.414901086170   -5.393191005275   -1.913770121078
              H     -1.244526388647   -3.505739969338   -2.955627350287
$End
$SCF_Mulliken_Population_Analysis
   &GeometryIndex 1
   &NAtoms [&Type "Integer"] 27
   &ATNO [&Type "ArrayOfIntegers", &Dim (27,1)] 
                                                         0

0                                                        7
1                                                        6
2                                                        6
3                                                        6
4                                                        6
5                                                        7
6                                                        6
7                                                        6
8                                                        6
9                                                        6
10                                                       6
11                                                       6
12                                                       6
13                                                       8
14                                                       8
15                                                       1
16                                                       1
17                                                       1
18                                                       1
19                                                       1
20                                                       1
21                                                       1
22                                                       1
23                                                       1
24                                                       1
25                                                       1
26                                                       1
   &AtomicCharges [&Type "ArrayOfDoubles", &Dim (27,1)] 
                                                         0

0                                     -1.4590942669273499e-01
1                                     -5.5238334111135323e-02
2                                     -5.2412472704502466e-01
3                                      1.9372713851704670e-01
4                                     -6.4515509499695156e-01
5                                      3.2710090655496238e-02
6                                     -3.1510308187699021e-01
7                                     -9.7112540628999966e-01
8                                     -4.8955547704634395e-01
9                                     -7.8637834128292639e-01
10                                    -1.2648639470579504e-01
11                                     1.0995450349645211e+00
12                                     6.0916556378329823e-01
13                                    -6.4991601339685978e-01
14                                    -7.4417414816138638e-01
15                                     3.2550707183205407e-01
16                                     3.0711836444096718e-01
17                                     3.3250673166009848e-01
18                                     1.2762389025974019e-01
19                                     2.7330703855766036e-01
20                                     2.5778984697473806e-01
21                                     4.5482422525503829e-01
22                                     1.3815165196868384e-01
23                                     3.0282845135625103e-01
24                                     3.4442445363491059e-01
25                                     3.4659607851288976e-01
26                                     3.0734081323366047e-01
   &Method [&Type "String"] "SCF"
   &Level [&Type "String"] "Relaxed density"
   &Mult [&Type "Integer"] 1
   &State [&Type "Integer"] -1
   &Irrep [&Type "Integer"] 0
$End
$SCF_Loewdin_Population_Analysis
   &GeometryIndex 1
   &NAtoms [&Type "Integer"] 27
   &ATNO [&Type "ArrayOfIntegers", &Dim (27,1)] 
                                                         0

0                                                        7
1                                                        6
2                                                        6
3                                                        6
4                                                        6
5                                                        7
6                                                        6
7                                                        6
8                                                        6
9                                                        6
10                                                       6
11                                                       6
12                                                       6
13                                                       8
14                                                       8
15                                                       1
16                                                       1
17                                                       1
18                                                       1
19                                                       1
20                                                       1
21                                                       1
22                                                       1
23                                                       1
24                                                       1
25                                                       1
26                                                       1
   &AtomicCharges [&Type "ArrayOfDoubles", &Dim (27,1)] 
                                                         0

0                                      1.8870544630488162e-01
1                                     -2.0629338169062805e-01
2                                     -1.0140045153383515e-01
3                                     -1.7460589736173482e-01
4                                     -1.9989942077175193e-02
5                                      8.9903576314593003e-02
6                                     -2.0440491488513590e-01
7                                     -2.6015596155449572e-02
8                                     -1.0127322709518083e-01
9                                     -1.0450565826876534e-01
10                                    -5.2769263457665971e-02
11                                    -1.4520577184282146e-01
12                                    -6.6558980123109102e-01
13                                     6.4337555954905312e-03
14                                    -3.0203617349735978e-02
15                                     1.6011466094120608e-01
16                                     1.4382883847025263e-01
17                                     1.3062375439887397e-01
18                                     1.5205005717921294e-01
19                                     1.2918660224373169e-01
20                                     1.1576674737220560e-01
21                                     1.3803891175248106e-01
22                                     1.6268696867172627e-01
23                                     1.1001296976783637e-01
24                                     1.0120269358096079e-01
25                                     9.9764993966251048e-02
26                                     1.0393754639042863e-01
   &Method [&Type "String"] "SCF"
   &Level [&Type "String"] "Relaxed density"
   &Mult [&Type "Integer"] 1
   &State [&Type "Integer"] -1
   &Irrep [&Type "Integer"] 0
$End
$SCF_Mayer_Population_Analysis
   &GeometryIndex 1
   &NAtoms [&Type "Integer"] 27 "Total number of atoms"
   &NBondOrdersPrint [&Type "Integer"] 45 "The number of bond orders larger than threshold"
   &bondThresh [&Type "Double"]       1.0000000000000001e-01  "The threshold for printing"
   &components [&Type "ArrayOfIntegers", &Dim (45,4)] "The indices and atomic numbers of the bonding atoms"
                                                         0                           1                           2                           3

0                                                        0                           7                           1                           6
1                                                        0                           7                          15                           1
2                                                        0                           7                          16                           1
3                                                        0                           7                          17                           1
4                                                        1                           6                           2                           6
5                                                        1                           6                           3                           6
6                                                        1                           6                          12                           6
7                                                        1                           6                          14                           8
8                                                        1                           6                          18                           1
9                                                        2                           6                           3                           6
10                                                       2                           6                          11                           6
11                                                       2                           6                          19                           1
12                                                       2                           6                          20                           1
13                                                       3                           6                           4                           6
14                                                       3                           6                           5                           7
15                                                       3                           6                           6                           6
16                                                       3                           6                          11                           6
17                                                       3                           6                          20                           1
18                                                       4                           6                           5                           7
19                                                       4                           6                           6                           6
20                                                       4                           6                          11                           6
21                                                       4                           6                          21                           1
22                                                       5                           7                           6                           6
23                                                       5                           7                          11                           6
24                                                       5                           7                          22                           1
25                                                       6                           6                           7                           6
26                                                       6                           6                           8                           6
27                                                       6                           6                           9                           6
28                                                       6                           6                          10                           6
29                                                       6                           6                          11                           6
30                                                       7                           6                           8                           6
31                                                       7                           6                           9                           6
32                                                       7                           6                          11                           6
33                                                       7                           6                          23                           1
34                                                       8                           6                           9                           6
35                                                       8                           6                          24                           1
36                                                       9                           6                          10                           6
37                                                       9                           6                          11                           6
38                                                       9                           6                          25                           1
39                                                      10                           6                          11                           6
40                                                      10                           6                          26                           1
41                                                      12                           6                          13                           8
42                                                      12                           6                          14                           8
43                                                      13                           8                          14                           8
44                                                      14                           8                          17                           1
   &BondOrders [&Type "ArrayOfDoubles", &Dim (45,1)] "The bond orders"
                                                         0

0                                      1.0700591599862470e+00
1                                      8.7193428847388466e-01
2                                      8.6288167742258481e-01
3                                      6.4419555268132966e-01
4                                      9.8868520876826238e-01
5                                      2.0899305362169804e-01
6                                      1.0720872348343342e+00
7                                      1.3981116438327940e-01
8                                      9.3381011922340862e-01
9                                      8.6362504984162636e-01
10                                    -1.5795349424846750e-01
11                                     7.7033853207286873e-01
12                                     9.6842166523998063e-01
13                                     1.7618387601877687e+00
14                                     1.0134999181225915e-01
15                                    -1.6264302339424161e-01
16                                    -2.5344580195998678e-01
17                                    -1.3396454823349085e-01
18                                     1.1302776192979274e+00
19                                     1.3045982692743238e-01
20                                    -3.7968881862597120e-01
21                                     5.9772793207507402e-01
22                                     1.2244241259754287e+00
23                                    -1.8258773058298722e-01
24                                     9.7834947439874798e-01
25                                     1.1724467215998118e+00
26                                    -1.1081779996183419e-01
27                                     2.1490766103271591e-01
28                                    -2.4981886848428561e-01
29                                     4.0144413528553508e-01
30                                     1.6809885655538614e+00
31                                     1.3130675210711434e-01
32                                    -3.1456444333292027e-01
33                                     8.5581249081733302e-01
34                                     1.5869570455241262e+00
35                                     7.7078708883564118e-01
36                                     1.3774398832795418e+00
37                                    -1.0472118688094817e-01
38                                     7.6087830406063850e-01
39                                     1.1702809495937987e+00
40                                     7.9711947890653356e-01
41                                     1.3952534451220764e+00
42                                     1.1032382333841637e+00
43                                     1.2019174178383039e-01
44                                     2.5768018149736693e-01
   &ATNO [&Type "ArrayOfIntegers", &Dim (27,1)] "Atomic number of the elements"
                                                         0

0                                                        7
1                                                        6
2                                                        6
3                                                        6
4                                                        6
5                                                        7
6                                                        6
7                                                        6
8                                                        6
9                                                        6
10                                                       6
11                                                       6
12                                                       6
13                                                       8
14                                                       8
15                                                       1
16                                                       1
17                                                       1
18                                                       1
19                                                       1
20                                                       1
21                                                       1
22                                                       1
23                                                       1
24                                                       1
25                                                       1
26                                                       1
   &NA [&Type "ArrayOfDoubles", &Dim (27,1)] "Mulliken gross atomic population"
                                                         0

0                                      7.1459094266927456e+00
1                                      6.0552383341111344e+00
2                                      6.5241247270450176e+00
3                                      5.8062728614829666e+00
4                                      6.6451550949969516e+00
5                                      6.9672899093445100e+00
6                                      6.3151030818769902e+00
7                                      6.9711254062900290e+00
8                                      6.4895554770463377e+00
9                                      6.7863783412829228e+00
10                                     6.1264863947058013e+00
11                                     4.9004549650354701e+00
12                                     5.3908344362167062e+00
13                                     8.6499160133968651e+00
14                                     8.7441741481613864e+00
15                                     6.7449292816794615e-01
16                                     6.9288163555903259e-01
17                                     6.6749326833990141e-01
18                                     8.7237610974026014e-01
19                                     7.2669296144233919e-01
20                                     7.4221015302526239e-01
21                                     5.4517577474496137e-01
22                                     8.6184834803131594e-01
23                                     6.9717154864374875e-01
24                                     6.5557554636508941e-01
25                                     6.5340392148711002e-01
26                                     6.9265918676633953e-01
   &ZA [&Type "ArrayOfDoubles", &Dim (27,1)] "Total nuclear charge"
                                                         0

0                                      7.0000000000000000e+00
1                                      6.0000000000000000e+00
2                                      6.0000000000000000e+00
3                                      6.0000000000000000e+00
4                                      6.0000000000000000e+00
5                                      7.0000000000000000e+00
6                                      6.0000000000000000e+00
7                                      6.0000000000000000e+00
8                                      6.0000000000000000e+00
9                                      6.0000000000000000e+00
10                                     6.0000000000000000e+00
11                                     6.0000000000000000e+00
12                                     6.0000000000000000e+00
13                                     8.0000000000000000e+00
14                                     8.0000000000000000e+00
15                                     1.0000000000000000e+00
16                                     1.0000000000000000e+00
17                                     1.0000000000000000e+00
18                                     1.0000000000000000e+00
19                                     1.0000000000000000e+00
20                                     1.0000000000000000e+00
21                                     1.0000000000000000e+00
22                                     1.0000000000000000e+00
23                                     1.0000000000000000e+00
24                                     1.0000000000000000e+00
25                                     1.0000000000000000e+00
26                                     1.0000000000000000e+00
   &QA [&Type "ArrayOfDoubles", &Dim (27,1)] "Mulliken gross atomic charge"
                                                         0

0                                     -1.4590942669274565e-01
1                                     -5.5238334111134435e-02
2                                     -5.2412472704501756e-01
3                                      1.9372713851703338e-01
4                                     -6.4515509499695156e-01
5                                      3.2710090655490021e-02
6                                     -3.1510308187699021e-01
7                                     -9.7112540629002897e-01
8                                     -4.8955547704633773e-01
9                                     -7.8637834128292283e-01
10                                    -1.2648639470580125e-01
11                                     1.0995450349645299e+00
12                                     6.0916556378329378e-01
13                                    -6.4991601339686511e-01
14                                    -7.4417414816138638e-01
15                                     3.2550707183205385e-01
16                                     3.0711836444096741e-01
17                                     3.3250673166009859e-01
18                                     1.2762389025973986e-01
19                                     2.7330703855766081e-01
20                                     2.5778984697473761e-01
21                                     4.5482422525503863e-01
22                                     1.3815165196868406e-01
23                                     3.0282845135625125e-01
24                                     3.4442445363491059e-01
25                                     3.4659607851288998e-01
26                                     3.0734081323366047e-01
   &VA [&Type "ArrayOfDoubles", &Dim (27,1)] "Mayer's total valence"
                                                         0

0                                      3.5759816460443337e+00
1                                      4.5474444913235956e+00
2                                      3.5779584612185706e+00
3                                      2.7319604394115626e+00
4                                      3.1201181783139980e+00
5                                      3.3287976213007653e+00
6                                      2.5630738203428374e+00
7                                      3.4640373503752730e+00
8                                      3.9294785018809852e+00
9                                      3.9275547132443012e+00
10                                     3.1953221768834061e+00
11                                     2.0550687746719642e-01
12                                     3.7242335095234296e+00
13                                     1.6932009303223490e+00
14                                     1.6506152788806991e+00
15                                     8.0947008569984891e-01
16                                     9.8076551436835391e-01
17                                     9.9907828699328027e-01
18                                     9.1179420040053338e-01
19                                     8.0753610318795510e-01
20                                     8.7781002157633237e-01
21                                     7.4191512416876704e-01
22                                     1.0853409518084705e+00
23                                     8.2737566754006719e-01
24                                     7.8663559247482229e-01
25                                     7.7133308628649189e-01
26                                     8.2240368730288471e-01
   &BVA [&Type "ArrayOfDoubles", &Dim (27,1)] "Mayer's bonded valence"
                                                         0

0                                      3.5759816460443128e+00
1                                      4.5474444913234118e+00
2                                      3.5779584612188446e+00
3                                      2.7319604394122576e+00
4                                      3.1201181783134633e+00
5                                      3.3287976213001373e+00
6                                      2.5630738203416978e+00
7                                      3.4640373503751940e+00
8                                      3.9294785018809670e+00
9                                      3.9275547132442812e+00
10                                     3.1953221768831335e+00
11                                     2.0550687746758811e-01
12                                     3.7242335095233146e+00
13                                     1.6932009303224795e+00
14                                     1.6506152788810429e+00
15                                     8.0947008569987311e-01
16                                     9.8076551436833226e-01
17                                     9.9907828699330448e-01
18                                     9.1179420040049397e-01
19                                     8.0753610318810443e-01
20                                     8.7781002157625598e-01
21                                     7.4191512416861627e-01
22                                     1.0853409518083224e+00
23                                     8.2737566754004621e-01
24                                     7.8663559247473958e-01
25                                     7.7133308628645669e-01
26                                     8.2240368730264402e-01
   &FA [&Type "ArrayOfDoubles", &Dim (27,1)] "Mayer's free valence"
                                                         0

0                                      0.0000000000000000e+00
1                                      0.0000000000000000e+00
2                                      0.0000000000000000e+00
3                                      0.0000000000000000e+00
4                                      0.0000000000000000e+00
5                                      0.0000000000000000e+00
6                                      1.1395329124752607e-12
7                                      0.0000000000000000e+00
8                                      0.0000000000000000e+00
9                                      0.0000000000000000e+00
10                                     0.0000000000000000e+00
11                                     0.0000000000000000e+00
12                                     0.0000000000000000e+00
13                                     0.0000000000000000e+00
14                                     0.0000000000000000e+00
15                                     0.0000000000000000e+00
16                                     0.0000000000000000e+00
17                                     0.0000000000000000e+00
18                                     0.0000000000000000e+00
19                                     0.0000000000000000e+00
20                                     0.0000000000000000e+00
21                                     0.0000000000000000e+00
22                                     0.0000000000000000e+00
23                                     0.0000000000000000e+00
24                                     0.0000000000000000e+00
25                                     0.0000000000000000e+00
26                                     0.0000000000000000e+00
   &Method [&Type "String"] "SCF"
   &Level [&Type "String"] "Relaxed density"
   &Mult [&Type "Integer"] 1
   &State [&Type "Integer"] -1
   &Irrep [&Type "Integer"] 0
$End
$SCF_Energy
   &GeometryIndex 1
   &Method [&Type "String"] "SCF"
   &totalEnergy [&Type "ArrayOfDoubles", &Dim (1,1)] "Total energy of each state"
                                                         0

0                                     -6.8663142213064361e+02
   &Mult [&Type "ArrayOfIntegers", &Dim (1,1)] "Multiplicity of each state"
                                                         0

0                                                        1
$End
$DFT_Energy
   &GeometryIndex 1
   &nAlphaEl [&Type "Integer"] 54
   &nBetaEl [&Type "Integer"] 54
   &nTotalEl [&Type "Integer"] 108
   &finalEn [&Type "Double"]      -6.8663142213064361e+02  "No Van der Waals correction"
   &eExchange [&Type "Double"]      -9.1304723385329524e+01
   &eCorr [&Type "Double"]      -3.9698166872187848e+00
   &eXC [&Type "Double"]      -9.5274540072548305e+01
   &eCNL [&Type "Double"]       0.0000000000000000e+00
$End
$SCF_Timings
   &GeometryIndex 1
   &TOTAL [&Type "Double"]       1.5944779999999998e+01
   &PREP [&Type "Double"]       3.5423299999999996e-01
   &FOCK [&Type "Double"]       1.3574036999999999e+01
   &DENS [&Type "Double"]       9.9531999999999954e-02
   &ETOT [&Type "Double"]       3.6971000000002308e-02
   &POP [&Type "Double"]       5.9135000000001270e-02
   &TRAFO [&Type "Double"]       2.0304700000000020e-01
   &DIIS [&Type "Double"]       7.1554399999999974e-01
   &SOSCF [&Type "Double"]       5.1666400000000046e-01
   &XC [&Type "Double"]       9.8646979999999971e+00
   &FOCKSTART [&Type "Double"]       1.8339999999995693e-02
   &INT_PREP [&Type "Double"]       2.9999999994201332e-06
   &INT_BF [&Type "Double"]       1.5218599999998998e+00
   &INT_DENS [&Type "Double"]       3.7616399999999812e+00
   &INT_DENSIO [&Type "Double"]       5.6655048247000072e+04
   &INT_FUNC [&Type "Double"]       7.4442999999987269e-02
   &INT_POT [&Type "Double"]       4.1414150000000269e+00
   &INT_POTIO [&Type "Double"]       1.4069999999974825e-02
   &INT_SUM [&Type "Double"]       1.4299999999911606e-04
   &SPLITRIJ [&Type "Double"]       4.4220949999999997e+00
$End
$Single_Point_Data
   &GeometryIndex 1
   &FinalEnergy [&Type "Double"]      -6.8663142213064361e+02  "Final single point energy"
   &Converged [&Type "Boolean"] true
$End
$Calculation_Info
   &GeometryIndex 1
   &Mult [&Type "Integer"] 1
   &Charge [&Type "Integer"] 0
   &NumOfAtoms [&Type "Integer"] 27
   &NumOfElectrons [&Type "Integer"] 108
   &NumOfBasisFuncts [&Type "Integer"] 669
   &NumOfAuxCBasisFuncts [&Type "Integer"] 0
   &NumOfAuxJBasisFuncts [&Type "Integer"] 867
   &NumOfAuxJKBasisFuncts [&Type "Integer"] 0
   &NumOfCABSBasisFuncts [&Type "Integer"] 0
$End
$SCF_Dipole_Moment
   &GeometryIndex 1
   &dipoleMagnitude [&Type "Double", &Units "a.u."]       3.0920269242741947e+00
   &dipoleElecContrib [&Type "ArrayOfDoubles", &Dim (3,1)] "Electronic contribution"
                                                         0

0                                      7.2657499170278539e-01
1                                      4.4234713875118956e+00
2                                      2.4253288544686784e+00
   &dipoleNucContrib [&Type "ArrayOfDoubles", &Dim (3,1)] "Nuclear contribution"
                                                         0

0                                     -2.8092280800584484e+00
1                                     -6.6083449901772013e+00
2                                     -3.0957868728229103e+00
   &dipoleTotal [&Type "ArrayOfDoubles", &Dim (3,1)] "Total"
                                                         0

0                                     -2.0826530883556629e+00
1                                     -2.1848736026653057e+00
2                                     -6.7045801835423191e-01
   &doAtomicDipole [&Type "Boolean"] false
   &Method [&Type "String"] "SCF"
   &Level [&Type "String"] "Relaxed density"
   &Mult [&Type "Integer"] 1
   &State [&Type "Integer"] -1
   &Irrep [&Type "Integer"] 0
$End
$Calculation_Timings
   &GeometryIndex 1
   &GTOINT [&Type "Double"]       1.1995190000000000e+00
   &SCF [&Type "Double"]       1.7721710999999999e+01
   &PROP [&Type "Double"]       5.4678700000000191e-01
   &SUM [&Type "Double"]       1.9468017000000000e+01
$End
