*************************************************
******************* ORCA 6.1.0-f.0 ******************
*************************************************
$Calculation_Status
   &GeometryIndex 1
   &version [&Type "String"] "6.1.0-f.0"
   &progName [&Type "String"] "LeanSCF"
   &Status [&Type "String"] "NORMAL TERMINATION"
$End
$Geometry
   &GeometryIndex 1
   &NAtoms [&Type "Integer"] 27
   &NCorelessECP [&Type "Integer"] 0
   &NGhostAtoms [&Type "Integer"] 0
   &CartesianCoordinates [&Type "Coordinates", &Dim(27,4), &Units "Bohr"] 
              N      4.048517293288   -2.278017755106    0.777267959399
              C      4.820643745461   -0.015810845059   -0.768881147511
              C      2.631275073874    1.004375832484   -2.390196129409
              C      0.241606966913    1.529961404372   -0.946341701433
              C     -0.311859682709    3.661495639217    0.466831235294
              N     -2.674853137381    3.434304968549    1.537947581222
              C     -3.728643640210    1.156088232734    0.848093037807
              C     -6.083339827055    0.100296473267    1.441011788892
              C     -6.646029953306   -2.265421576721    0.426323593349
              C     -4.906762395966   -3.547403429682   -1.145777148032
              C     -2.565623436586   -2.495645517965   -1.732694561021
              C     -1.931003437578   -0.107841633913   -0.729350145307
              C      5.958443206349    1.934565921095    1.139847185537
              O      6.584111507747    4.044509260347    0.258310327219
              O      6.200892506116    1.148038801953    3.397851227663
              H      4.676327752211   -3.964616941218    0.059061204007
              H      2.117062467974   -2.373651881735    1.006196991525
              H      4.870093656676   -1.886291080982    2.550727207403
              H      6.368074946790   -0.632338001771   -2.008631404021
              H      3.344484924017    2.732633541338   -3.293405100175
              H      2.244853803858   -0.354832158128   -3.916445231655
              H      0.807611043032    5.353272272245    0.780842627230
              H     -3.515892721580    4.764395004862    2.635038972150
              H     -7.426028254139    1.098103827372    2.647503679103
              H     -8.464534806147   -3.141239452366    0.849921249175
              H     -5.414901095392   -5.393191000859   -1.913770127380
              H     -1.244526392873   -3.505739961022   -2.955627347383
$End
$SCF_Mulliken_Population_Analysis
   &GeometryIndex 1
   &NAtoms [&Type "Integer"] 27
   &ATNO [&Type "ArrayOfIntegers", &Dim (27,1)] 
                                                         0

0                                                        7
1                                                        6
2                                                        6
3                                                        6
4                                                        6
5                                                        7
6                                                        6
7                                                        6
8                                                        6
9                                                        6
10                                                       6
11                                                       6
12                                                       6
13                                                       8
14                                                       8
15                                                       1
16                                                       1
17                                                       1
18                                                       1
19                                                       1
20                                                       1
21                                                       1
22                                                       1
23                                                       1
24                                                       1
25                                                       1
26                                                       1
   &AtomicCharges [&Type "ArrayOfDoubles", &Dim (27,1)] 
                                                         0

0                                     -1.1741126649935651e-01
1                                      4.0590628167418430e-03
2                                     -5.7686460998206091e-01
3                                      2.7800043268875907e-01
4                                     -8.6780206434205098e-01
5                                      9.0078744075601236e-03
6                                     -4.2069781998145572e-01
7                                     -1.0717542312355430e+00
8                                     -5.6595478268923927e-01
9                                     -8.8582421913464149e-01
10                                    -2.5349600893426683e-01
11                                     1.1550956749249748e+00
12                                     5.7357379511426299e-01
13                                    -7.3597412657588990e-01
14                                    -8.1680853540626330e-01
15                                     3.5568780697943947e-01
16                                     3.1525318850298412e-01
17                                     3.4966395822563945e-01
18                                     2.0235795930089706e-01
19                                     2.9493629409102251e-01
20                                     3.0290881187120777e-01
21                                     4.9389473573330478e-01
22                                     1.7550300898399440e-01
23                                     4.5106297605917756e-01
24                                     4.6061633835347138e-01
25                                     4.6151257594790185e-01
26                                     4.2945317077889245e-01
   &Method [&Type "String"] "SCF"
   &Level [&Type "String"] "Relaxed density"
   &Mult [&Type "Integer"] 1
   &State [&Type "Integer"] -1
   &Irrep [&Type "Integer"] 0
$End
$SCF_Loewdin_Population_Analysis
   &GeometryIndex 1
   &NAtoms [&Type "Integer"] 27
   &ATNO [&Type "ArrayOfIntegers", &Dim (27,1)] 
                                                         0

0                                                        7
1                                                        6
2                                                        6
3                                                        6
4                                                        6
5                                                        7
6                                                        6
7                                                        6
8                                                        6
9                                                        6
10                                                       6
11                                                       6
12                                                       6
13                                                       8
14                                                       8
15                                                       1
16                                                       1
17                                                       1
18                                                       1
19                                                       1
20                                                       1
21                                                       1
22                                                       1
23                                                       1
24                                                       1
25                                                       1
26                                                       1
   &AtomicCharges [&Type "ArrayOfDoubles", &Dim (27,1)] 
                                                         0

0                                      2.3505117709237844e-01
1                                     -1.9170368697328311e-01
2                                     -9.6596241996513399e-02
3                                     -1.8068142393228293e-01
4                                     -3.3219946646122267e-02
5                                      1.0227347236818751e-01
6                                     -2.0981022257800941e-01
7                                     -3.1453754924706701e-02
8                                     -1.1506785305518807e-01
9                                     -1.1560170623590604e-01
10                                    -4.6679543181476824e-02
11                                    -1.4631857876398602e-01
12                                    -6.8086659117139092e-01
13                                    -6.6069355572020427e-02
14                                    -7.9175950932379280e-02
15                                     1.8704681172097626e-01
16                                     1.5805814133790697e-01
17                                     1.4003607316566247e-01
18                                     1.6547047762393918e-01
19                                     1.2338683112205739e-01
20                                     1.2798797952514107e-01
21                                     1.3558492556405777e-01
22                                     1.7781813498790777e-01
23                                     1.1739012341559751e-01
24                                     1.0380669511307716e-01
25                                     1.0300441432202123e-01
26                                     1.1632959860380632e-01
   &Method [&Type "String"] "SCF"
   &Level [&Type "String"] "Relaxed density"
   &Mult [&Type "Integer"] 1
   &State [&Type "Integer"] -1
   &Irrep [&Type "Integer"] 0
$End
$SCF_Mayer_Population_Analysis
   &GeometryIndex 1
   &NAtoms [&Type "Integer"] 27 "Total number of atoms"
   &NBondOrdersPrint [&Type "Integer"] 44 "The number of bond orders larger than threshold"
   &bondThresh [&Type "Double"]       1.0000000000000001e-01  "The threshold for printing"
   &components [&Type "ArrayOfIntegers", &Dim (44,4)] "The indices and atomic numbers of the bonding atoms"
                                                         0                           1                           2                           3

0                                                        0                           7                           1                           6
1                                                        0                           7                          15                           1
2                                                        0                           7                          16                           1
3                                                        0                           7                          17                           1
4                                                        1                           6                           2                           6
5                                                        1                           6                           3                           6
6                                                        1                           6                          12                           6
7                                                        1                           6                          14                           8
8                                                        1                           6                          18                           1
9                                                        2                           6                           3                           6
10                                                       2                           6                          11                           6
11                                                       2                           6                          19                           1
12                                                       2                           6                          20                           1
13                                                       3                           6                           4                           6
14                                                       3                           6                           6                           6
15                                                       3                           6                          11                           6
16                                                       3                           6                          20                           1
17                                                       4                           6                           5                           7
18                                                       4                           6                           6                           6
19                                                       4                           6                          11                           6
20                                                       4                           6                          21                           1
21                                                       5                           7                           6                           6
22                                                       5                           7                          11                           6
23                                                       5                           7                          22                           1
24                                                       6                           6                           7                           6
25                                                       6                           6                           8                           6
26                                                       6                           6                           9                           6
27                                                       6                           6                          10                           6
28                                                       6                           6                          11                           6
29                                                       7                           6                           8                           6
30                                                       7                           6                          11                           6
31                                                       7                           6                          23                           1
32                                                       8                           6                           9                           6
33                                                       8                           6                          10                           6
34                                                       8                           6                          24                           1
35                                                       9                           6                          10                           6
36                                                       9                           6                          11                           6
37                                                       9                           6                          25                           1
38                                                      10                           6                          11                           6
39                                                      10                           6                          26                           1
40                                                      12                           6                          13                           8
41                                                      12                           6                          14                           8
42                                                      13                           8                          14                           8
43                                                      14                           8                          17                           1
   &BondOrders [&Type "ArrayOfDoubles", &Dim (44,1)] "The bond orders"
                                                         0

0                                      1.0944609320330407e+00
1                                      8.5525103878788444e-01
2                                      8.7787343041140631e-01
3                                      6.8018464221733010e-01
4                                      9.7849061367569334e-01
5                                      2.0373500374466216e-01
6                                      1.0976020833408193e+00
7                                      1.2258145867466294e-01
8                                      9.3153622855769247e-01
9                                      9.4808502466648892e-01
10                                    -1.8489344672400201e-01
11                                     7.4825348418288462e-01
12                                     9.7025628229486038e-01
13                                     1.4350413440181824e+00
14                                    -1.8881233488006599e-01
15                                    -1.5085197643687842e-01
16                                    -1.2670790259880937e-01
17                                     1.1212696917640350e+00
18                                     1.7345187201822737e-01
19                                    -4.3061641446116405e-01
20                                     6.4619360428359796e-01
21                                     1.1889039802634647e+00
22                                    -1.8107555699602196e-01
23                                     1.0155360433640950e+00
24                                     1.3042028092269955e+00
25                                    -1.3219123341260280e-01
26                                     2.2024523587519285e-01
27                                    -2.4625256442827972e-01
28                                     3.6492687966362236e-01
29                                     1.5846907502294976e+00
30                                    -3.1030370541061653e-01
31                                     7.1821545387662000e-01
32                                     1.5517036017230390e+00
33                                    -1.0413879640600897e-01
34                                     6.8751829325328095e-01
35                                     1.3397962540674759e+00
36                                    -1.6654241772827666e-01
37                                     6.7304331895381342e-01
38                                     1.2030431154513226e+00
39                                     7.0499206342832943e-01
40                                     1.3675414322188804e+00
41                                     1.1288108802672232e+00
42                                     1.1548201553613188e-01
43                                     1.7842574206834738e-01
   &ATNO [&Type "ArrayOfIntegers", &Dim (27,1)] "Atomic number of the elements"
                                                         0

0                                                        7
1                                                        6
2                                                        6
3                                                        6
4                                                        6
5                                                        7
6                                                        6
7                                                        6
8                                                        6
9                                                        6
10                                                       6
11                                                       6
12                                                       6
13                                                       8
14                                                       8
15                                                       1
16                                                       1
17                                                       1
18                                                       1
19                                                       1
20                                                       1
21                                                       1
22                                                       1
23                                                       1
24                                                       1
25                                                       1
26                                                       1
   &NA [&Type "ArrayOfDoubles", &Dim (27,1)] "Mulliken gross atomic population"
                                                         0

0                                      7.1174112664993867e+00
1                                      5.9959409371832422e+00
2                                      6.5768646099820636e+00
3                                      5.7219995673112578e+00
4                                      6.8678020643420759e+00
5                                      6.9909921255924417e+00
6                                      6.4206978199814646e+00
7                                      7.0717542312355590e+00
8                                      6.5659547826892322e+00
9                                      6.8858242191346513e+00
10                                     6.2534960089342402e+00
11                                     4.8449043250750226e+00
12                                     5.4264262048857432e+00
13                                     8.7359741265759077e+00
14                                     8.8168085354062775e+00
15                                     6.4431219302056042e-01
16                                     6.8474681149701644e-01
17                                     6.5033604177436122e-01
18                                     7.9764204069910338e-01
19                                     7.0506370590897849e-01
20                                     6.9709118812879189e-01
21                                     5.0610526426669511e-01
22                                     8.2449699101600582e-01
23                                     5.4893702394082244e-01
24                                     5.3938366164652884e-01
25                                     5.3848742405209837e-01
26                                     5.7054682922110778e-01
   &ZA [&Type "ArrayOfDoubles", &Dim (27,1)] "Total nuclear charge"
                                                         0

0                                      7.0000000000000000e+00
1                                      6.0000000000000000e+00
2                                      6.0000000000000000e+00
3                                      6.0000000000000000e+00
4                                      6.0000000000000000e+00
5                                      7.0000000000000000e+00
6                                      6.0000000000000000e+00
7                                      6.0000000000000000e+00
8                                      6.0000000000000000e+00
9                                      6.0000000000000000e+00
10                                     6.0000000000000000e+00
11                                     6.0000000000000000e+00
12                                     6.0000000000000000e+00
13                                     8.0000000000000000e+00
14                                     8.0000000000000000e+00
15                                     1.0000000000000000e+00
16                                     1.0000000000000000e+00
17                                     1.0000000000000000e+00
18                                     1.0000000000000000e+00
19                                     1.0000000000000000e+00
20                                     1.0000000000000000e+00
21                                     1.0000000000000000e+00
22                                     1.0000000000000000e+00
23                                     1.0000000000000000e+00
24                                     1.0000000000000000e+00
25                                     1.0000000000000000e+00
26                                     1.0000000000000000e+00
   &QA [&Type "ArrayOfDoubles", &Dim (27,1)] "Mulliken gross atomic charge"
                                                         0

0                                     -1.1741126649938671e-01
1                                      4.0590628167578302e-03
2                                     -5.7686460998206357e-01
3                                      2.7800043268874219e-01
4                                     -8.6780206434207585e-01
5                                      9.0078744075583472e-03
6                                     -4.2069781998146460e-01
7                                     -1.0717542312355590e+00
8                                     -5.6595478268923216e-01
9                                     -8.8582421913465126e-01
10                                    -2.5349600893424018e-01
11                                     1.1550956749249774e+00
12                                     5.7357379511425677e-01
13                                    -7.3597412657590766e-01
14                                    -8.1680853540627751e-01
15                                     3.5568780697943958e-01
16                                     3.1525318850298356e-01
17                                     3.4966395822563878e-01
18                                     2.0235795930089662e-01
19                                     2.9493629409102151e-01
20                                     3.0290881187120811e-01
21                                     4.9389473573330489e-01
22                                     1.7550300898399418e-01
23                                     4.5106297605917756e-01
24                                     4.6061633835347116e-01
25                                     4.6151257594790163e-01
26                                     4.2945317077889222e-01
   &VA [&Type "ArrayOfDoubles", &Dim (27,1)] "Mayer's total valence"
                                                         0

0                                      3.6633119761072486e+00
1                                      4.5001366909885538e+00
2                                      3.5758609907379966e+00
3                                      2.5164886378889761e+00
4                                      2.7930936129063033e+00
5                                      3.3190237794279600e+00
6                                      2.6526304547324395e+00
7                                      3.3241258429459664e+00
8                                      3.6370661353103948e+00
9                                      3.6532201312050612e+00
10                                     3.1044964221703726e+00
11                                     1.6220076656991900e-01
12                                     3.7423797652492081e+00
13                                     1.6105358525819744e+00
14                                     1.5807526653751269e+00
15                                     8.0689502926380030e-01
16                                     9.6474486280176919e-01
17                                     9.4584731069823591e-01
18                                     9.0418464662695486e-01
19                                     8.1540346119216989e-01
20                                     8.9835527066305454e-01
21                                     7.0920213643495977e-01
22                                     1.0807048040894542e+00
23                                     7.2964299605511884e-01
24                                     7.0351096052576478e-01
25                                     6.8973249356485955e-01
26                                     7.4511759870226368e-01
   &BVA [&Type "ArrayOfDoubles", &Dim (27,1)] "Mayer's bonded valence"
                                                         0

0                                      3.6633119761070732e+00
1                                      4.5001366909885281e+00
2                                      3.5758609907379997e+00
3                                      2.5164886378898297e+00
4                                      2.7930936129069046e+00
5                                      3.3190237794278108e+00
6                                      2.6526304547319048e+00
7                                      3.3241258429464597e+00
8                                      3.6370661353105387e+00
9                                      3.6532201312053818e+00
10                                     3.1044964221703610e+00
11                                     1.6220076656952109e-01
12                                     3.7423797652493302e+00
13                                     1.6105358525820228e+00
14                                     1.5807526653750643e+00
15                                     8.0689502926383405e-01
16                                     9.6474486280168859e-01
17                                     9.4584731069823369e-01
18                                     9.0418464662692666e-01
19                                     8.1540346119201446e-01
20                                     8.9835527066311405e-01
21                                     7.0920213643492103e-01
22                                     1.0807048040893865e+00
23                                     7.2964299605502014e-01
24                                     7.0351096052577911e-01
25                                     6.8973249356492050e-01
26                                     7.4511759870232097e-01
   &FA [&Type "ArrayOfDoubles", &Dim (27,1)] "Mayer's free valence"
                                                         0

0                                      0.0000000000000000e+00
1                                      0.0000000000000000e+00
2                                      0.0000000000000000e+00
3                                      0.0000000000000000e+00
4                                      0.0000000000000000e+00
5                                      0.0000000000000000e+00
6                                      0.0000000000000000e+00
7                                      0.0000000000000000e+00
8                                      0.0000000000000000e+00
9                                      0.0000000000000000e+00
10                                     0.0000000000000000e+00
11                                     0.0000000000000000e+00
12                                     0.0000000000000000e+00
13                                     0.0000000000000000e+00
14                                     0.0000000000000000e+00
15                                     0.0000000000000000e+00
16                                     0.0000000000000000e+00
17                                     0.0000000000000000e+00
18                                     0.0000000000000000e+00
19                                     0.0000000000000000e+00
20                                     0.0000000000000000e+00
21                                     0.0000000000000000e+00
22                                     0.0000000000000000e+00
23                                     0.0000000000000000e+00
24                                     0.0000000000000000e+00
25                                     0.0000000000000000e+00
26                                     0.0000000000000000e+00
   &Method [&Type "String"] "SCF"
   &Level [&Type "String"] "Relaxed density"
   &Mult [&Type "Integer"] 1
   &State [&Type "Integer"] -1
   &Irrep [&Type "Integer"] 0
$End
$SCF_Energy
   &GeometryIndex 1
   &Method [&Type "String"] "SCF"
   &totalEnergy [&Type "ArrayOfDoubles", &Dim (1,1)] "Total energy of each state"
                                                         0

0                                     -6.8668664715032025e+02
   &Mult [&Type "ArrayOfIntegers", &Dim (1,1)] "Multiplicity of each state"
                                                         0

0                                                        1
$End
$DFT_Energy
   &GeometryIndex 1
   &nAlphaEl [&Type "Integer"] 54
   &nBetaEl [&Type "Integer"] 54
   &nTotalEl [&Type "Integer"] 108
   &finalEn [&Type "Double"]      -6.8668664715032025e+02  "No Van der Waals correction"
   &eExchange [&Type "Double"]      -9.1316362900595948e+01
   &eCorr [&Type "Double"]      -3.9705887933617290e+00
   &eXC [&Type "Double"]      -9.5286951693957676e+01
   &eCNL [&Type "Double"]       0.0000000000000000e+00
$End
$Solvation_Details
   &GeometryIndex 1
   &Solvent [&Type "String"] "CONDUCTOR"
   &Epsilon [&Type "Double"]      -1.0000000000000000e+00
   &Refrac [&Type "Double"]       1.3300000000000001e+00
   &RSolv [&Type "Double"]       1.3000000000000000e+00
   &SurfaceType [&Type "String"] "GAUSSIAN VDW"
   &CPCMDielEnergy [&Type "Double"]      -7.1129717999999995e-02
   &NPoints [&Type "Integer"] 1659
   &SurfaceArea [&Type "Double"]       8.4700844110000003e+02
$End
$SCF_Timings
   &GeometryIndex 1
   &TOTAL [&Type "Double"]       2.0079367000000001e+01
   &PREP [&Type "Double"]       4.1275099999999998e-01
   &FOCK [&Type "Double"]       1.7465998999999996e+01
   &DENS [&Type "Double"]       1.0660499999999473e-01
   &ETOT [&Type "Double"]       6.9545000000005741e-02
   &POP [&Type "Double"]       6.5712000000001325e-02
   &TRAFO [&Type "Double"]       1.7746199999999979e-01
   &DIIS [&Type "Double"]       5.0126499999999963e-01
   &SOSCF [&Type "Double"]       6.1327399999999610e-01
   &XC [&Type "Double"]       1.0000049999999995e+01
   &FOCKSTART [&Type "Double"]       2.0439999999998903e-02
   &SOLV [&Type "Double"]       4.2378789999999960e+00
   &SOLV_INIT [&Type "Double"]       4.4511000000000023e-02
   &INT_PREP [&Type "Double"]       1.9999999975039984e-06
   &INT_BF [&Type "Double"]       1.7301260000000362e+00
   &INT_DENS [&Type "Double"]       3.9766969999999509e+00
   &INT_DENSIO [&Type "Double"]       6.5130527413000156e+04
   &INT_FUNC [&Type "Double"]       7.5945000000001706e-02
   &INT_POT [&Type "Double"]       3.6856000000000373e+00
   &INT_POTIO [&Type "Double"]       1.6751999999980893e-02
   &INT_SUM [&Type "Double"]       1.3600000000102419e-04
   &SPLITRIJ [&Type "Double"]       4.2426789999999999e+00
$End
$Single_Point_Data
   &GeometryIndex 1
   &FinalEnergy [&Type "Double"]      -6.8668664715032025e+02  "Final single point energy"
   &Converged [&Type "Boolean"] true
$End
$Calculation_Info
   &GeometryIndex 1
   &Mult [&Type "Integer"] 1
   &Charge [&Type "Integer"] 0
   &NumOfAtoms [&Type "Integer"] 27
   &NumOfElectrons [&Type "Integer"] 108
   &NumOfBasisFuncts [&Type "Integer"] 669
   &NumOfAuxCBasisFuncts [&Type "Integer"] 0
   &NumOfAuxJBasisFuncts [&Type "Integer"] 867
   &NumOfAuxJKBasisFuncts [&Type "Integer"] 0
   &NumOfCABSBasisFuncts [&Type "Integer"] 0
$End
$SCF_Dipole_Moment
   &GeometryIndex 1
   &dipoleMagnitude [&Type "Double", &Units "a.u."]       4.2443861342247233e+00
   &dipoleElecContrib [&Type "ArrayOfDoubles", &Dim (3,1)] "Electronic contribution"
                                                         0

0                                      3.1291959569965960e-01
1                                      3.3053437544677560e+00
2                                      2.1612065833703595e+00
   &dipoleNucContrib [&Type "ArrayOfDoubles", &Dim (3,1)] "Nuclear contribution"
                                                         0

0                                     -2.8092281026995520e+00
1                                     -6.6083449979089135e+00
2                                     -3.0957868528524553e+00
   &dipoleTotal [&Type "ArrayOfDoubles", &Dim (3,1)] "Total"
                                                         0

0                                     -2.4963085069998923e+00
1                                     -3.3030012434411575e+00
2                                     -9.3458026948209572e-01
   &doAtomicDipole [&Type "Boolean"] false
   &Method [&Type "String"] "SCF"
   &Level [&Type "String"] "Relaxed density"
   &Mult [&Type "Integer"] 1
   &State [&Type "Integer"] -1
   &Irrep [&Type "Integer"] 0
$End
$SCF_Polarizability
   &GeometryIndex 1
   &isotropicPolar [&Type "Double"]       2.4128321368615494e+02
   &rawCartesian [&Type "ArrayOfDoubles", &Units "a.u", &Dim (3,3)] 
                                                         0                           1                           2

0                                      2.6254235339471171e+02         4.5966824064256414e+01        -1.9542604524975125e+01
1                                      4.5966824064256414e+01         2.6458349775878060e+02         2.6955686461593061e+01
2                                     -1.9542604524975125e+01         2.6955686461593061e+01         1.9672378990497259e+02
   &diagonalizedTensor [&Type "ArrayOfDoubles", &Dim (3,1)] 
                                                         0

0                                      1.7256793070134825e+02
1                                      2.4143081271453858e+02
2                                      3.0985089764257810e+02
   &orientation [&Type "ArrayOfDoubles", &Dim (3,3)] 
                                                         0                           1                           2

0                                      3.9781418419485509e-01        -6.1147845923599431e-01        -6.8398681913013282e-01
1                                     -4.3531838303949222e-01         5.3045190119453256e-01        -7.2740544808723329e-01
2                                      8.0761487123582854e-01         5.8712424103377059e-01        -5.5166523809780224e-02
   &doAtomicPolar [&Type "Boolean"] true
   &atomicPolarIso [&Type "ArrayOfDoubles", &Dim (27,1)] "Atomic istotropic polarizabilities"
                                                         0

0                                      4.0230759409269563e+00
1                                      3.5534538084889591e+00
2                                      4.2731224114981377e+00
3                                      3.7353523673009787e+00
4                                      9.6594180406286085e+00
5                                      8.2147683947797905e+00
6                                      5.0540227016646080e+00
7                                      1.3344490871884242e+01
8                                      1.9269940107048541e+01
9                                      1.5980695093157891e+01
10                                     7.2960923578320926e+00
11                                     2.5841273475254845e+00
12                                     6.3190424901759892e+00
13                                     1.9885267452229947e+01
14                                     1.6268710665628262e+01
15                                     5.7466706174774931e+00
16                                     1.3438247139541197e+00
17                                     4.2118000403891367e+00
18                                     8.6440966776182115e+00
19                                     7.6646496764865830e+00
20                                     6.1410621564138825e+00
21                                     8.7848764842611153e+00
22                                     8.4852531975331189e+00
23                                     1.2364238553537078e+01
24                                     1.7295452235043449e+01
25                                     1.4358668444696564e+01
26                                     6.7458885065906884e+00
   &Method [&Type "String"] "SCF"
   &Level [&Type "String"] "Relaxed density"
   &Mult [&Type "Integer"] 1
   &State [&Type "Integer"] -1
   &Irrep [&Type "Integer"] 0
$End
$Calculation_Timings
   &GeometryIndex 1
   &GTOINT [&Type "Double"]       1.2688079999999928e+00
   &SCF [&Type "Double"]       2.1676552000000001e+01
   &RESPONSE [&Type "Double"]       2.7634172000000007e+01
   &PROP [&Type "Double"]       5.8152334999999994e+02
   &SUM [&Type "Double"]       6.3210288199999991e+02
$End
